28/09/2020,18:12:18	-38.51003	145.15036	0	0.0	2	3.3	150
28/09/2020,18:12:21	-38.50998	145.15037	22	0.0	3	3.3	125
28/09/2020,18:12:32	-38.50992	145.15017	42	0.0	3	3.3	124
28/09/2020,18:12:41	-38.51007	145.15055	-16	0.0	3	3.3	124
28/09/2020,18:12:51	-38.51008	145.15031	8	0.0	3	3.3	124
28/09/2020,18:13:01	-38.51005	145.15052	6	0.0	3	3.3	124
28/09/2020,18:13:13	-38.50999	145.15027	14	0.0	3	3.3	119
28/09/2020,18:15:36	-38.51030	145.15032	4	0.0	2	3.3	176
28/09/2020,18:15:41	-38.51027	145.15024	12	0.0	2	3.3	126
28/09/2020,18:15:52	-38.51028	145.15034	6	0.0	3	3.3	127
28/09/2020,18:16:01	-38.51031	145.15034	22	0.0	3	3.3	128
28/09/2020,18:16:11	-38.51030	145.15056	-2	0.0	3	3.3	127
28/09/2020,18:16:21	-38.51038	145.15074	-34	0.0	3	3.3	123
28/09/2020,18:16:31	-38.51030	145.15056	-28	0.0	2	3.2	95
28/09/2020,18:16:44	-38.51030	145.15059	-32	0.0	2	3.2	107
28/09/2020,18:16:55	-38.51031	145.15054	-24	0.0	2	3.2	129
28/09/2020,18:18:35	-38.51056	145.15069	2	0.0	4	3.0	195
28/09/2020,18:18:41	-38.51049	145.15080	12	0.0	4	3.0	179
28/09/2020,18:18:51	-38.51059	145.15076	14	0.0	4	3.0	157
28/09/2020,18:19:00	-38.51071	145.15083	14	3.7	3	2.2	158
28/09/2020,18:19:11	-38.51071	145.15080	14	0.0	4	3.0	156
28/09/2020,18:19:20	-38.51073	145.15098	12	3.7	3	2.2	160
28/09/2020,19:20:41	-38.55688	145.18528	16	3.7	3	12.0	157
28/09/2020,19:23:43	-38.55796	145.18566	10	0.0	3	11.0	236
28/09/2020,19:23:53	-38.55760	145.18497	102	0.0	3	10.4	126
28/09/2020,19:24:03	-38.55798	145.18556	14	0.0	2	3.4	122
28/09/2020,19:24:10	-38.55794	145.18550	48	0.0	3	2.2	127
28/09/2020,19:24:26	-38.55828	145.18602	-24	40.7	3	10.4	143
28/09/2020,19:24:31	-38.55800	145.18554	40	3.7	3	10.4	117
28/09/2020,19:24:42	-38.55821	145.18571	16	0.0	3	10.3	122
28/09/2020,19:24:52	-38.55854	145.18619	-38	0.0	3	10.3	117
28/09/2020,19:25:02	-38.55873	145.18647	-70	0.0	3	10.3	124
28/09/2020,19:25:14	-38.55851	145.18580	-16	0.0	3	10.3	118
28/09/2020,19:25:21	-38.55830	145.18552	20	0.0	3	10.2	121
28/09/2020,19:25:31	-38.55853	145.18591	0	3.7	3	10.2	125
28/09/2020,19:25:41	-38.55889	145.18651	-54	0.0	3	10.2	112
28/09/2020,19:25:54	-38.55820	145.18520	108	3.7	3	10.2	122
28/09/2020,19:26:01	-38.55870	145.18590	4	0.0	3	10.1	111
28/09/2020,19:26:11	-38.55862	145.18596	26	0.0	3	10.1	118
28/09/2020,19:26:23	-38.55859	145.18561	58	0.0	3	10.1	114
28/09/2020,19:26:32	-38.55880	145.18608	32	0.0	3	10.1	126
28/09/2020,19:26:41	-38.55856	145.18524	90	0.0	3	10.1	120
28/09/2020,19:28:00	-38.55923	145.18619	8	0.0	3	9.4	214
28/09/2020,19:28:12	-38.55905	145.18580	58	0.0	3	9.4	124
28/09/2020,19:28:24	-38.55945	145.18641	-6	0.0	3	9.4	150
28/09/2020,19:28:32	-38.55928	145.18610	34	0.0	3	9.3	121
28/09/2020,19:28:42	-38.55926	145.18614	40	0.0	3	9.3	120
28/09/2020,19:28:51	-38.55948	145.18623	-6	0.0	3	9.3	119
28/09/2020,19:29:02	-38.55946	145.18622	-4	0.0	3	9.3	123
28/09/2020,19:29:12	-38.55923	145.18576	62	0.0	3	9.3	119
28/09/2020,19:29:22	-38.55960	145.18642	-0	0.0	3	9.3	129
28/09/2020,19:29:31	-38.55927	145.18598	72	0.0	3	9.2	119
28/09/2020,19:29:41	-38.55942	145.18601	48	0.0	3	9.2	123
28/09/2020,20:41:27	-38.61119	145.21298	16	0.0	5	1.2	234
28/09/2020,20:41:30	-38.61105	145.21296	58	0.0	4	1.3	180
28/09/2020,20:41:40	-38.61126	145.21299	16	0.0	5	1.2	175
28/09/2020,20:41:50	-38.61115	145.21291	8	0.0	3	1.2	182
28/09/2020,20:42:02	-38.61137	145.21293	44	0.0	3	3.4	171
28/09/2020,20:42:09	-38.61145	145.21315	-38	0.0	3	1.3	185
28/09/2020,20:42:20	-38.61143	145.21310	26	0.0	3	1.3	181
28/09/2020,20:42:30	-38.61146	145.21308	18	0.0	5	1.2	185
28/09/2020,20:42:42	-38.61155	145.21309	-0	0.0	5	1.2	182
28/09/2020,20:42:51	-38.61160	145.21311	-14	0.0	5	1.2	176
28/09/2020,20:43:00	-38.61164	145.21330	-12	0.0	4	1.3	185
28/09/2020,20:43:10	-38.61168	145.21309	-14	0.0	3	1.4	177
28/09/2020,20:43:22	-38.61162	145.21316	0	0.0	4	1.3	185
28/09/2020,20:43:33	-38.61172	145.21329	0	3.7	1	2.1	147
28/09/2020,20:43:42	-38.61160	145.21307	24	0.0	5	1.2	186
28/09/2020,20:43:50	-38.61173	145.21332	-0	0.0	3	1.4	187
28/09/2020,20:44:02	-38.61157	145.21338	14	0.0	2	3.0	102
28/09/2020,20:44:10	-38.61165	145.21325	26	0.0	4	1.2	175
28/09/2020,20:44:20	-38.61174	145.21327	2	0.0	4	1.2	178
28/09/2020,20:44:32	-38.61186	145.21331	2	7.4	2	2.4	172
28/09/2020,20:44:40	-38.61171	145.21302	30	0.0	4	2.1	184
28/09/2020,20:44:51	-38.61181	145.21312	18	0.0	5	1.2	179
28/09/2020,20:45:01	-38.61189	145.21318	-4	0.0	5	1.2	178
28/09/2020,20:45:11	-38.61188	145.21332	18	0.0	3	1.4	179
28/09/2020,20:45:21	-38.61196	145.21333	-28	0.0	5	1.2	181
28/09/2020,20:45:30	-38.61158	145.21278	54	0.0	3	2.2	179
28/09/2020,20:45:43	-38.61200	145.21332	24	11.1	2	4.3	184
28/09/2020,20:45:50	-38.61195	145.21319	-0	0.0	4	1.2	175
28/09/2020,20:46:00	-38.61195	145.21326	26	0.0	4	1.3	175
28/09/2020,20:46:10	-38.61199	145.21320	36	0.0	5	1.2	174
28/09/2020,20:46:20	-38.61206	145.21327	16	0.0	4	1.2	174
28/09/2020,20:46:30	-38.61210	145.21325	6	0.0	4	1.3	173
28/09/2020,20:46:40	-38.61215	145.21329	24	0.0	4	1.3	182
28/09/2020,20:46:51	-38.61208	145.21330	22	0.0	4	1.4	176
28/09/2020,20:47:04	-38.61223	145.21329	-12	0.0	3	1.3	177
28/09/2020,20:47:12	-38.61221	145.21326	6	0.0	5	1.2	163
28/09/2020,20:47:20	-38.61209	145.21337	34	0.0	4	1.3	166
28/09/2020,20:47:30	-38.61228	145.21326	34	0.0	3	2.1	174
28/09/2020,20:47:40	-38.61227	145.21326	10	0.0	5	1.2	180
28/09/2020,20:47:50	-38.61231	145.21338	-28	0.0	4	1.2	179
28/09/2020,20:48:00	-38.61234	145.21325	18	0.0	4	1.2	172
28/09/2020,20:48:10	-38.61239	145.21329	8	0.0	5	1.2	176
28/09/2020,20:48:20	-38.61242	145.21332	-12	0.0	4	1.2	180
28/09/2020,20:48:30	-38.61223	145.21325	24	0.0	3	2.2	179
28/09/2020,20:48:40	-38.61243	145.21322	14	0.0	5	1.2	177
28/09/2020,20:48:50	-38.61234	145.21305	22	0.0	4	1.3	172
28/09/2020,20:49:00	-38.61238	145.21323	4	0.0	4	1.3	168
28/09/2020,20:49:10	-38.61245	145.21328	-12	0.0	5	1.2	176
28/09/2020,20:49:21	-38.61250	145.21329	14	0.0	5	1.2	175
28/09/2020,20:49:30	-38.61252	145.21332	14	0.0	5	1.2	172
28/09/2020,20:49:40	-38.61250	145.21326	12	0.0	3	1.4	166
28/09/2020,20:49:50	-38.61261	145.21335	8	0.0	4	1.2	171
28/09/2020,20:50:01	-38.61266	145.21328	2	0.0	5	1.2	173
28/09/2020,20:50:10	-38.61267	145.21328	0	0.0	4	1.2	174
28/09/2020,20:50:20	-38.61279	145.21329	-12	0.0	3	1.2	186
28/09/2020,20:50:30	-38.61281	145.21335	-10	0.0	4	1.2	191
28/09/2020,20:50:40	-38.61261	145.21333	50	0.0	4	1.3	174
28/09/2020,20:50:50	-38.61278	145.21341	24	0.0	5	1.2	175
28/09/2020,20:51:00	-38.61288	145.21335	2	0.0	5	1.2	189
28/09/2020,20:51:13	-38.61279	145.21341	-8	7.4	3	3.3	176
28/09/2020,20:51:20	-38.61286	145.21334	44	0.0	3	1.2	175
28/09/2020,20:51:30	-38.61298	145.21350	18	0.0	4	1.4	183
28/09/2020,20:51:40	-38.61297	145.21346	12	0.0	4	1.2	184
28/09/2020,20:51:51	-38.61301	145.21347	44	0.0	4	1.2	183
28/09/2020,20:52:01	-38.61316	145.21354	-12	0.0	5	1.2	180
28/09/2020,20:52:11	-38.61312	145.21359	12	0.0	5	1.2	173
28/09/2020,20:52:20	-38.61318	145.21358	32	0.0	4	1.2	171
28/09/2020,20:52:30	-38.61336	145.21369	6	3.7	3	1.2	177
28/09/2020,21:07:54	-38.62361	145.21807	-2	0.0	3	2.1	112
28/09/2020,21:08:00	-38.62365	145.21803	-2	0.0	4	1.2	174
28/09/2020,21:13:26	-38.62582	145.21949	-8	0.0	5	1.2	160
28/09/2020,21:13:30	-38.62587	145.21952	-2	0.0	5	1.2	185
28/09/2020,21:13:43	-38.62611	145.21954	-2	7.4	2	3.3	143
28/09/2020,21:13:57	-38.62586	145.21958	20	0.0	5	1.2	180
28/09/2020,21:14:01	-38.62624	145.21959	20	0.0	3	1.4	173
28/09/2020,21:14:10	-38.62603	145.21961	-26	0.0	5	1.2	176
28/09/2020,21:14:20	-38.62597	145.21946	12	0.0	4	2.0	184
28/09/2020,21:14:32	-38.62585	145.21977	12	0.0	2	3.3	180
28/09/2020,21:14:40	-38.62599	145.21964	18	0.0	5	1.2	190
28/09/2020,21:14:53	-38.62597	145.21970	66	0.0	2	3.1	175
28/09/2020,21:15:00	-38.62603	145.21969	28	0.0	4	1.2	177
28/09/2020,21:15:10	-38.62604	145.21953	10	0.0	3	1.4	165
28/09/2020,21:15:20	-38.62609	145.21967	-0	0.0	3	1.3	180
28/09/2020,21:15:30	-38.62623	145.21961	-14	0.0	4	2.0	175
28/09/2020,21:15:39	-38.62601	145.21946	2	3.7	3	2.3	187
28/09/2020,21:15:52	-38.62610	145.21971	14	0.0	5	1.2	176
28/09/2020,21:16:00	-38.62629	145.21971	-2	0.0	4	1.2	172
28/09/2020,21:16:10	-38.62632	145.21967	20	0.0	4	1.2	177
28/09/2020,21:16:22	-38.62632	145.21979	24	0.0	4	1.2	167
28/09/2020,21:16:31	-38.62635	145.21982	12	0.0	3	1.4	165
28/09/2020,21:16:41	-38.62642	145.21977	-4	0.0	4	1.2	172
28/09/2020,21:16:51	-38.62629	145.21983	-12	0.0	4	1.2	163
28/09/2020,21:17:00	-38.62636	145.21973	6	0.0	5	1.2	179
28/09/2020,21:17:10	-38.62638	145.21979	10	0.0	4	1.2	172
28/09/2020,21:17:20	-38.62630	145.21979	-8	0.0	3	1.4	165
28/09/2020,21:17:31	-38.62650	145.21968	-14	0.0	4	1.2	170
28/09/2020,21:17:40	-38.62654	145.21977	-28	0.0	3	1.2	169
28/09/2020,21:17:51	-38.62639	145.21980	8	0.0	4	1.2	168
28/09/2020,21:18:00	-38.62650	145.21984	-16	0.0	3	1.4	175
28/09/2020,21:18:10	-38.62645	145.21986	6	0.0	4	1.2	182
28/09/2020,21:18:21	-38.62642	145.21985	-18	0.0	4	1.2	176
28/09/2020,21:18:32	-38.62630	145.21986	52	0.0	4	1.2	153
28/09/2020,21:18:40	-38.62651	145.22000	20	3.7	3	1.3	186
28/09/2020,21:18:50	-38.62661	145.21974	-30	0.0	4	1.2	180
28/09/2020,21:19:02	-38.62664	145.21961	-30	0.0	2	2.2	178
28/09/2020,21:19:10	-38.62656	145.21985	-8	0.0	3	1.4	147
28/09/2020,21:19:24	-38.62664	145.21989	-28	0.0	3	3.2	144
28/09/2020,21:19:31	-38.62660	145.21994	58	0.0	3	1.4	172
28/09/2020,21:19:41	-38.62665	145.21991	-4	0.0	4	1.2	175
28/09/2020,21:19:50	-38.62659	145.21994	14	0.0	4	1.2	168
28/09/2020,21:20:00	-38.62661	145.21990	-14	0.0	3	1.4	179
28/09/2020,21:20:12	-38.62681	145.21973	-12	0.0	2	4.2	177
28/09/2020,21:20:20	-38.62669	145.21980	34	0.0	4	1.2	170
28/09/2020,21:20:30	-38.62674	145.21993	0	0.0	3	1.4	171
28/09/2020,21:20:40	-38.62670	145.21985	18	0.0	4	1.2	174
28/09/2020,21:20:50	-38.62696	145.21976	-70	0.0	3	2.3	176
28/09/2020,21:21:00	-38.62683	145.21978	18	0.0	3	1.4	167
28/09/2020,21:21:10	-38.62694	145.21999	-12	0.0	3	2.2	174
28/09/2020,21:21:21	-38.62687	145.21988	-2	0.0	3	1.3	186
28/09/2020,21:21:31	-38.62680	145.21995	-4	0.0	3	1.4	170
28/09/2020,21:21:41	-38.62690	145.21981	8	0.0	3	1.4	168
28/09/2020,21:21:50	-38.62693	145.21986	-2	3.7	3	2.3	170
28/09/2020,21:22:00	-38.62691	145.21991	38	0.0	3	1.4	173
28/09/2020,21:31:47	-38.63309	145.22392	-8	3.7	3	3.1	158
28/09/2020,21:31:51	-38.63313	145.22389	2	0.0	3	1.4	152
28/09/2020,21:33:16	-38.63362	145.22440	26	0.0	4	1.2	160
28/09/2020,21:33:20	-38.63368	145.22440	6	0.0	4	1.2	141
28/09/2020,21:33:30	-38.63373	145.22451	-2	3.7	4	1.2	148
28/09/2020,21:37:10	-38.63498	145.22541	18	0.0	4	1.2	147
28/09/2020,21:38:22	-38.63552	145.22582	30	0.0	3	1.2	146
28/09/2020,21:38:38	-38.63561	145.22593	4	0.0	4	1.2	146
28/09/2020,21:38:41	-38.63568	145.22591	16	0.0	3	1.2	151
28/09/2020,21:57:43	-38.64379	145.23535	10	0.0	4	1.2	163
28/09/2020,21:59:25	-38.64430	145.23631	8	0.0	4	1.2	162
28/09/2020,21:59:31	-38.64438	145.23624	-14	0.0	3	2.3	166
28/09/2020,22:33:03	-38.65706	145.25289	4	0.0	4	1.4	153
28/09/2020,22:33:24	-38.65700	145.25278	-12	3.7	4	1.4	95
28/09/2020,22:33:34	-38.65701	145.25267	0	0.0	4	1.4	177
28/09/2020,22:34:11	-38.65717	145.25285	-0	0.0	4	1.4	169
28/09/2020,22:34:22	-38.65727	145.25287	8	0.0	4	1.4	172
28/09/2020,22:34:31	-38.65731	145.25295	14	0.0	4	1.4	157
28/09/2020,22:34:42	-38.65738	145.25303	10	0.0	4	1.4	166
28/09/2020,22:34:51	-38.65726	145.25278	-10	0.0	4	1.4	160
28/09/2020,22:35:11	-38.65735	145.25287	2	0.0	4	1.4	128
28/09/2020,22:35:27	-38.65743	145.25286	6	0.0	3	1.4	151
28/09/2020,22:35:35	-38.65752	145.25292	12	0.0	4	1.4	176
28/09/2020,22:35:50	-38.65744	145.25284	4	0.0	4	1.4	164
28/09/2020,22:36:01	-38.65742	145.25281	4	0.0	4	1.4	178
28/09/2020,22:36:11	-38.65744	145.25286	2	0.0	4	1.4	150
28/09/2020,22:36:21	-38.65754	145.25284	-0	0.0	4	1.4	168
28/09/2020,22:36:31	-38.65772	145.25296	-14	0.0	4	1.4	145
28/09/2020,22:36:42	-38.65754	145.25283	-4	0.0	4	1.4	148
28/09/2020,22:36:51	-38.65749	145.25281	-6	0.0	4	1.3	172
28/09/2020,22:37:01	-38.65754	145.25269	-6	0.0	4	1.3	167
28/09/2020,22:37:11	-38.65766	145.25282	6	3.7	4	1.3	140
28/09/2020,22:37:21	-38.65781	145.25301	18	0.0	4	1.3	146
28/09/2020,22:37:31	-38.65772	145.25305	16	0.0	4	1.3	176
28/09/2020,22:37:41	-38.65758	145.25276	-0	0.0	4	1.3	205
28/09/2020,22:37:54	-38.65774	145.25284	-2	0.0	4	1.3	204
28/09/2020,22:38:01	-38.65763	145.25273	2	0.0	4	1.3	166
28/09/2020,22:38:10	-38.65782	145.25303	2	0.0	4	1.3	146
28/09/2020,22:38:21	-38.65779	145.25285	2	0.0	4	1.3	144
28/09/2020,22:38:31	-38.65779	145.25278	8	0.0	4	1.3	178
28/09/2020,22:38:44	-38.65794	145.25286	0	0.0	4	1.3	171
28/09/2020,22:38:52	-38.65781	145.25287	-0	0.0	4	1.3	145
28/09/2020,22:39:01	-38.65780	145.25279	0	0.0	4	1.3	174
28/09/2020,22:39:11	-38.65797	145.25293	6	0.0	4	1.3	168
28/09/2020,22:39:21	-38.65801	145.25294	6	0.0	4	1.3	143
28/09/2020,22:39:31	-38.65794	145.25287	8	0.0	4	1.3	165
28/09/2020,22:39:41	-38.65789	145.25274	4	0.0	4	1.3	200
28/09/2020,22:39:51	-38.65788	145.25266	-2	0.0	4	1.3	173
28/09/2020,22:40:01	-38.65814	145.25293	16	0.0	4	1.3	201
28/09/2020,22:40:11	-38.65805	145.25280	4	0.0	4	1.3	149
28/09/2020,22:40:21	-38.65815	145.25289	2	0.0	4	1.3	148
28/09/2020,22:40:31	-38.65811	145.25290	4	0.0	4	1.3	137
28/09/2020,22:40:41	-38.65806	145.25279	-12	0.0	4	1.3	153
28/09/2020,22:40:51	-38.65741	145.25213	-10	0.0	3	17.4	147
28/09/2020,22:41:02	-38.65812	145.25274	0	0.0	4	1.3	153
28/09/2020,22:41:11	-38.65820	145.25284	10	0.0	4	1.3	149
28/09/2020,22:41:21	-38.65823	145.25292	6	0.0	4	1.3	147
28/09/2020,22:41:31	-38.65830	145.25287	14	0.0	4	1.3	167
28/09/2020,22:41:42	-38.65824	145.25286	-6	0.0	4	1.3	202
28/09/2020,22:41:51	-38.65832	145.25288	14	0.0	4	1.3	171
28/09/2020,22:42:02	-38.65833	145.25294	-4	0.0	4	1.3	202
28/09/2020,22:42:12	-38.65839	145.25296	6	0.0	3	15.1	176
28/09/2020,22:42:22	-38.65830	145.25282	8	0.0	3	1.3	142
28/09/2020,22:42:31	-38.65849	145.25289	12	0.0	4	1.3	176
28/09/2020,22:42:41	-38.65853	145.25297	-0	0.0	4	1.3	136
28/09/2020,22:42:51	-38.65853	145.25294	18	0.0	4	1.3	172
28/09/2020,22:43:01	-38.65857	145.25296	0	0.0	4	1.3	173
28/09/2020,22:43:11	-38.65850	145.25295	0	0.0	4	1.3	143
28/09/2020,22:43:21	-38.65863	145.25295	14	0.0	4	1.3	173
28/09/2020,22:43:31	-38.65836	145.25256	12	0.0	3	13.2	202
28/09/2020,22:43:42	-38.65854	145.25290	0	0.0	4	1.3	139
28/09/2020,22:43:51	-38.65864	145.25292	6	0.0	4	1.3	147
28/09/2020,22:44:07	-38.65858	145.25279	4	0.0	4	1.3	169
28/09/2020,22:44:11	-38.65865	145.25280	0	0.0	4	1.3	172
28/09/2020,22:44:21	-38.65853	145.25273	12	0.0	2	11.2	152
28/09/2020,22:44:31	-38.65881	145.25296	16	0.0	4	1.3	177
28/09/2020,22:44:40	-38.65870	145.25293	10	0.0	3	1.3	141
28/09/2020,22:44:51	-38.65882	145.25287	-2	0.0	4	1.3	170
28/09/2020,22:45:01	-38.65880	145.25290	2	0.0	4	1.3	143
28/09/2020,22:45:11	-38.65889	145.25296	4	0.0	4	1.3	139
28/09/2020,22:45:21	-38.65843	145.25242	6	0.0	3	11.2	147
28/09/2020,22:45:31	-38.65890	145.25286	10	0.0	4	1.3	177
28/09/2020,22:45:41	-38.65891	145.25276	2	0.0	4	1.3	173
28/09/2020,22:45:58	-38.65906	145.25293	4	0.0	4	1.3	169
28/09/2020,22:46:04	-38.65851	145.25240	0	0.0	2	15.3	54
28/09/2020,22:46:10	-38.65908	145.25297	8	0.0	4	1.3	172
28/09/2020,22:46:22	-38.65911	145.25291	8	0.0	4	1.3	178
28/09/2020,22:46:31	-38.65918	145.25298	4	0.0	4	1.3	149
28/09/2020,22:46:41	-38.65915	145.25290	8	0.0	4	1.3	167
28/09/2020,22:46:51	-38.65921	145.25303	-2	0.0	4	1.3	199
28/09/2020,22:47:02	-38.65921	145.25291	-2	0.0	4	1.3	181
28/09/2020,22:47:11	-38.65928	145.25295	-6	0.0	4	1.3	174
28/09/2020,22:47:21	-38.65922	145.25290	10	0.0	3	9.4	173
28/09/2020,22:47:31	-38.65926	145.25290	12	0.0	4	1.3	173
28/09/2020,22:47:41	-38.65951	145.25307	4	0.0	4	1.3	165
28/09/2020,22:47:54	-38.65958	145.25316	-8	0.0	3	9.2	171
28/09/2020,22:48:02	-38.65917	145.25271	16	25.9	3	9.2	92
28/09/2020,22:48:12	-38.65962	145.25312	0	0.0	4	1.3	202
28/09/2020,22:48:22	-38.65961	145.25314	2	0.0	4	1.3	181
28/09/2020,22:48:31	-38.65973	145.25326	6	0.0	4	1.3	151
28/09/2020,22:48:42	-38.65959	145.25310	0	0.0	4	1.3	214
28/09/2020,22:50:43	-38.66013	145.25336	4	0.0	4	1.3	208
28/09/2020,22:50:51	-38.66016	145.25333	12	3.7	4	1.3	144
28/09/2020,22:51:00	-38.66009	145.25337	6	0.0	4	1.3	157
28/09/2020,22:53:07	-38.66080	145.25349	2	0.0	4	1.2	175
28/09/2020,22:53:10	-38.66077	145.25339	-4	0.0	4	1.2	177
28/09/2020,22:53:21	-38.66081	145.25335	2	0.0	4	1.2	143
28/09/2020,22:53:35	-38.66069	145.25320	0	0.0	2	5.4	173
28/09/2020,22:53:42	-38.66079	145.25331	4	0.0	4	1.2	205
28/09/2020,22:53:51	-38.66094	145.25348	4	0.0	3	6.4	145
28/09/2020,22:54:01	-38.66079	145.25328	14	0.0	4	1.2	166
28/09/2020,22:54:11	-38.66080	145.25330	18	0.0	3	6.3	146
28/09/2020,22:54:22	-38.66080	145.25323	8	3.7	2	11.0	112
28/09/2020,22:54:40	-38.66088	145.25334	-0	0.0	4	1.2	166
28/09/2020,22:54:53	-38.66114	145.25359	2	3.7	3	6.2	152
28/09/2020,22:55:02	-38.66101	145.25344	2	0.0	4	1.2	208
28/09/2020,22:55:10	-38.66110	145.25356	16	0.0	4	1.2	143
28/09/2020,22:55:23	-38.66083	145.25307	12	0.0	3	6.2	139
28/09/2020,22:55:31	-38.66104	145.25338	6	0.0	4	1.2	152
28/09/2020,22:55:49	-38.66120	145.25343	6	0.0	4	1.2	168
28/09/2020,22:56:11	-38.66120	145.25345	2	0.0	4	1.2	204
28/09/2020,22:56:31	-38.66125	145.25347	0	0.0	4	1.2	202
28/09/2020,22:56:44	-38.66113	145.25337	-10	0.0	2	5.2	145
28/09/2020,22:56:59	-38.66137	145.25355	0	0.0	4	1.2	160
28/09/2020,22:57:18	-38.66135	145.25347	0	0.0	4	1.2	168
28/09/2020,22:57:21	-38.66138	145.25349	0	0.0	4	1.2	169
28/09/2020,22:57:31	-38.66147	145.25355	-2	0.0	4	1.2	143
28/09/2020,22:57:41	-38.66143	145.25343	-0	0.0	4	1.2	146
28/09/2020,22:57:51	-38.66146	145.25352	8	0.0	4	1.2	173
28/09/2020,22:58:02	-38.66150	145.25349	4	0.0	4	1.2	173
28/09/2020,22:58:11	-38.66146	145.25339	0	0.0	4	1.2	147
28/09/2020,22:58:21	-38.66155	145.25356	2	0.0	3	5.3	180
28/09/2020,22:58:31	-38.66155	145.25353	-2	0.0	4	1.2	142
28/09/2020,22:58:42	-38.66161	145.25357	-0	0.0	4	1.2	182
28/09/2020,22:58:51	-38.66158	145.25343	-0	0.0	3	5.2	132
28/09/2020,22:59:02	-38.66173	145.25360	12	0.0	4	1.2	174
28/09/2020,22:59:12	-38.66166	145.25350	6	0.0	3	5.2	177
28/09/2020,22:59:21	-38.66172	145.25353	0	0.0	4	1.2	176
28/09/2020,22:59:31	-38.66183	145.25373	-20	0.0	3	5.2	132
28/09/2020,22:59:42	-38.66168	145.25348	14	0.0	4	1.2	175
28/09/2020,22:59:58	-38.66182	145.25359	-0	3.7	4	1.2	129
28/09/2020,23:00:03	-38.66225	145.25407	-2	3.7	3	5.1	121
28/09/2020,23:00:11	-38.66176	145.25351	2	0.0	4	1.2	143
28/09/2020,23:00:21	-38.66197	145.25375	-2	0.0	4	1.2	144
28/09/2020,23:00:32	-38.66198	145.25367	4	0.0	4	1.2	200
28/09/2020,23:00:41	-38.66199	145.25369	8	0.0	4	1.2	174
28/09/2020,23:00:51	-38.66208	145.25379	2	0.0	3	5.0	147
28/09/2020,23:01:02	-38.66212	145.25375	0	0.0	4	1.2	174
28/09/2020,23:01:12	-38.66218	145.25385	2	0.0	3	5.0	240
28/09/2020,23:01:21	-38.66217	145.25382	10	0.0	4	1.2	147
28/09/2020,23:01:32	-38.66222	145.25383	4	0.0	4	1.2	171
28/09/2020,23:01:42	-38.66237	145.25392	2	0.0	3	5.0	173
28/09/2020,23:01:52	-38.66232	145.25391	4	3.7	3	5.0	174
28/09/2020,23:02:02	-38.66230	145.25388	4	0.0	3	4.4	165
28/09/2020,23:02:12	-38.66244	145.25401	-2	3.7	3	4.4	152
28/09/2020,23:31:51	-38.67350	145.26566	2	14.8	3	2.3	59
28/09/2020,23:50:35	-38.68012	145.27578	16	0.0	2	2.0	171
28/09/2020,23:50:40	-38.68014	145.27567	26	3.7	3	2.1	182
29/09/2020,00:30:27	-38.69090	145.29310	2	0.0	4	1.1	222
29/09/2020,00:30:30	-38.69101	145.29317	-12	0.0	3	2.1	181
29/09/2020,00:30:40	-38.69100	145.29319	8	0.0	4	1.1	180
29/09/2020,00:30:57	-38.69090	145.29309	4	0.0	4	1.1	148
29/09/2020,00:31:00	-38.69099	145.29312	-6	0.0	3	2.2	202
29/09/2020,00:31:10	-38.69094	145.29321	-12	0.0	3	1.1	177
29/09/2020,00:31:21	-38.69091	145.29306	14	0.0	4	1.1	179
29/09/2020,00:31:31	-38.69093	145.29310	14	0.0	4	1.1	174
29/09/2020,00:31:43	-38.69099	145.29302	-8	0.0	4	1.1	194
29/09/2020,00:31:57	-38.69093	145.29297	20	0.0	4	1.1	177
29/09/2020,00:32:00	-38.69103	145.29301	-6	0.0	4	1.1	203
29/09/2020,00:32:10	-38.69103	145.29298	-4	0.0	4	1.1	199
29/09/2020,00:32:21	-38.69100	145.29302	2	0.0	4	1.1	197
29/09/2020,00:32:30	-38.69118	145.29294	-2	0.0	3	2.2	173
29/09/2020,00:32:40	-38.69107	145.29297	0	0.0	4	1.1	198
29/09/2020,00:32:50	-38.69117	145.29306	-6	0.0	4	1.1	173
29/09/2020,00:33:00	-38.69111	145.29289	-14	0.0	4	1.1	192
29/09/2020,00:33:10	-38.69102	145.29292	-2	0.0	4	1.1	199
29/09/2020,00:33:21	-38.69111	145.29295	-14	0.0	4	1.1	200
29/09/2020,00:33:31	-38.69109	145.29289	4	0.0	4	1.1	238
29/09/2020,00:33:40	-38.69105	145.29289	8	0.0	3	2.2	180
29/09/2020,00:33:50	-38.69107	145.29291	-4	3.7	3	2.4	180
29/09/2020,00:34:00	-38.69107	145.29290	2	0.0	3	2.2	202
29/09/2020,00:34:10	-38.69109	145.29277	18	0.0	3	2.2	199
29/09/2020,00:34:20	-38.69118	145.29279	-10	0.0	3	2.2	180
29/09/2020,00:34:31	-38.69114	145.29294	14	0.0	4	1.1	214
29/09/2020,00:34:40	-38.69112	145.29287	6	0.0	4	1.1	217
29/09/2020,00:34:51	-38.69114	145.29293	12	0.0	4	1.1	200
29/09/2020,00:35:01	-38.69121	145.29291	0	0.0	4	1.1	204
29/09/2020,00:35:11	-38.69116	145.29299	0	0.0	3	2.2	205
29/09/2020,00:35:21	-38.69125	145.29283	0	0.0	4	1.1	201
29/09/2020,00:35:31	-38.69132	145.29283	4	0.0	3	2.4	175
29/09/2020,00:35:42	-38.69131	145.29285	4	0.0	2	2.1	206
29/09/2020,00:36:08	-38.69118	145.29294	-2	3.7	4	1.1	182
29/09/2020,00:36:16	-38.69118	145.29291	14	0.0	3	1.1	154
29/09/2020,00:36:31	-38.69134	145.29288	0	0.0	4	1.1	213
29/09/2020,00:36:42	-38.69144	145.29297	-4	0.0	3	2.2	176
29/09/2020,00:37:05	-38.69134	145.29292	8	0.0	4	1.1	142
29/09/2020,00:37:14	-38.69143	145.29317	8	0.0	2	2.1	174
29/09/2020,00:37:33	-38.69142	145.29288	-8	0.0	3	2.2	133
29/09/2020,00:37:43	-38.69131	145.29304	6	0.0	3	9.1	147
29/09/2020,00:37:50	-38.69134	145.29300	-10	0.0	4	1.1	183
29/09/2020,00:38:00	-38.69142	145.29297	18	0.0	3	2.4	214
29/09/2020,00:38:10	-38.69137	145.29301	18	0.0	3	2.4	170
29/09/2020,00:38:21	-38.69148	145.29292	-14	0.0	4	1.1	193
29/09/2020,00:38:31	-38.69149	145.29287	-4	0.0	4	1.1	178
29/09/2020,00:38:42	-38.69147	145.29290	2	0.0	4	1.1	203
29/09/2020,00:38:51	-38.69144	145.29324	38	3.7	3	2.4	201
29/09/2020,00:39:01	-38.69154	145.29299	18	0.0	3	2.4	197
29/09/2020,00:39:11	-38.69148	145.29293	12	0.0	3	2.2	204
29/09/2020,00:39:21	-38.69157	145.29296	2	0.0	3	2.4	179
29/09/2020,00:39:31	-38.69151	145.29307	0	0.0	4	1.1	182
29/09/2020,00:39:41	-38.69135	145.29291	20	0.0	3	2.2	201
29/09/2020,00:39:51	-38.69151	145.29324	12	0.0	3	2.4	201
29/09/2020,00:40:00	-38.69166	145.29291	-8	0.0	3	2.4	199
29/09/2020,00:40:10	-38.69156	145.29310	-6	0.0	3	2.3	205
29/09/2020,00:40:20	-38.69156	145.29295	-2	0.0	3	2.3	202
29/09/2020,00:40:31	-38.69150	145.29324	18	0.0	3	2.4	206
29/09/2020,00:40:41	-38.69179	145.29322	-26	0.0	3	2.3	209
29/09/2020,00:40:51	-38.69175	145.29322	-22	0.0	3	2.3	207
29/09/2020,00:41:01	-38.69184	145.29326	-10	0.0	3	2.3	202
29/09/2020,00:41:11	-38.69173	145.29328	8	0.0	3	2.3	200
29/09/2020,00:41:21	-38.69169	145.29320	14	0.0	3	2.3	200
29/09/2020,00:41:30	-38.69182	145.29325	-6	0.0	3	2.4	222
29/09/2020,00:41:40	-38.69158	145.29317	40	0.0	3	2.3	216
29/09/2020,00:41:51	-38.69179	145.29332	-4	0.0	4	1.1	201
29/09/2020,00:42:00	-38.69198	145.29340	-10	0.0	3	2.3	201
29/09/2020,00:42:10	-38.69175	145.29318	16	0.0	3	2.3	198
29/09/2020,00:42:20	-38.69197	145.29351	-10	0.0	3	2.3	203
29/09/2020,00:46:00	-38.69189	145.29434	4	0.0	4	1.1	240
29/09/2020,00:46:10	-38.69190	145.29435	16	0.0	3	1.1	222
29/09/2020,00:46:20	-38.69190	145.29433	6	0.0	3	2.3	222
29/09/2020,00:53:54	-38.69157	145.29673	2	0.0	4	1.1	222
29/09/2020,00:54:00	-38.69160	145.29677	10	0.0	4	1.1	208
29/09/2020,00:56:11	-38.69131	145.29752	2	0.0	4	1.1	250
29/09/2020,01:00:02	-38.69129	145.29840	6	0.0	4	1.1	276
29/09/2020,01:02:04	-38.69124	145.29904	2	0.0	4	1.1	269
29/09/2020,01:02:10	-38.69122	145.29913	12	0.0	3	2.2	250
29/09/2020,01:02:21	-38.69130	145.29902	-2	0.0	4	1.1	250
29/09/2020,01:02:30	-38.69128	145.29900	2	0.0	3	2.2	202
29/09/2020,01:04:34	-38.69119	145.29976	2	0.0	4	1.1	278
29/09/2020,01:04:42	-38.69109	145.29987	0	0.0	4	1.1	279
29/09/2020,01:04:51	-38.69119	145.29984	-4	0.0	4	1.1	272
29/09/2020,01:05:01	-38.69109	145.29996	-6	0.0	4	1.1	253
29/09/2020,01:05:11	-38.69108	145.29992	4	0.0	4	1.1	272
29/09/2020,01:05:21	-38.69088	145.30008	-10	0.0	3	5.2	246
29/09/2020,01:05:31	-38.69098	145.30011	-4	0.0	4	1.1	274
29/09/2020,01:05:42	-38.69105	145.29999	4	0.0	4	1.1	279
29/09/2020,01:05:51	-38.69091	145.30011	4	0.0	3	5.1	252
29/09/2020,01:06:01	-38.69095	145.30008	14	0.0	4	1.1	252
29/09/2020,01:06:25	-38.69076	145.30024	4	0.0	4	1.1	267
29/09/2020,01:06:31	-38.69070	145.30025	2	0.0	4	1.1	276
29/09/2020,01:06:43	-38.69065	145.30035	0	0.0	3	5.0	268
29/09/2020,01:06:52	-38.69063	145.30035	6	0.0	4	1.1	271
29/09/2020,01:07:03	-38.69070	145.30033	8	0.0	4	1.1	249
29/09/2020,01:07:12	-38.69080	145.30040	-10	0.0	4	1.1	249
29/09/2020,01:07:21	-38.69084	145.30036	-8	0.0	4	1.1	273
29/09/2020,01:07:31	-38.69073	145.30043	2	0.0	4	1.1	252
29/09/2020,01:07:40	-38.69067	145.30048	12	0.0	3	2.2	244
29/09/2020,01:07:52	-38.69079	145.30041	2	0.0	4	1.1	271
29/09/2020,01:08:01	-38.69072	145.30045	4	0.0	4	1.1	252
29/09/2020,01:08:11	-38.69088	145.30031	10	0.0	3	4.3	248
29/09/2020,01:08:21	-38.69051	145.30056	-6	0.0	3	4.3	270
29/09/2020,01:08:31	-38.69077	145.30044	6	3.7	4	1.1	271
29/09/2020,01:29:14	-38.68583	145.30213	-0	0.0	2	2.4	271
29/09/2020,01:29:21	-38.68595	145.30207	-0	0.0	2	2.4	244
29/09/2020,01:33:33	-38.68641	145.30045	4	0.0	4	1.3	259
29/09/2020,01:35:40	-38.68680	145.29984	2	0.0	4	1.3	274
29/09/2020,01:35:51	-38.68680	145.29972	-4	0.0	4	1.3	272
29/09/2020,01:36:00	-38.68702	145.29980	-26	0.0	3	1.4	190
29/09/2020,01:36:12	-38.68690	145.29966	-8	0.0	4	1.3	220
29/09/2020,01:36:23	-38.68709	145.29976	-48	0.0	3	4.0	257
29/09/2020,01:37:42	-38.68726	145.29957	0	0.0	4	1.3	274
29/09/2020,01:37:57	-38.68738	145.29950	2	0.0	4	1.3	240
29/09/2020,01:38:09	-38.68740	145.29931	-6	0.0	4	1.3	253
29/09/2020,01:38:21	-38.68742	145.29925	-14	0.0	3	4.0	240
29/09/2020,01:38:31	-38.68752	145.29915	0	0.0	4	1.3	245
29/09/2020,01:38:41	-38.68763	145.29924	-62	0.0	3	4.0	234
29/09/2020,01:38:51	-38.68755	145.29906	-0	0.0	4	1.3	225
29/09/2020,01:41:11	-38.68825	145.29871	-14	0.0	3	4.1	281
29/09/2020,01:43:38	-38.68871	145.29800	-14	3.7	3	4.1	166
29/09/2020,01:43:41	-38.68879	145.29793	12	0.0	3	1.4	217
29/09/2020,01:43:52	-38.68887	145.29798	18	0.0	3	4.1	249
29/09/2020,01:45:33	-38.68958	145.29818	-152	0.0	3	4.1	229
29/09/2020,01:45:41	-38.68937	145.29806	-48	0.0	3	4.1	226
29/09/2020,01:45:51	-38.68934	145.29784	10	0.0	3	4.0	212
29/09/2020,01:46:29	-38.68962	145.29798	-14	0.0	3	4.0	249
29/09/2020,01:47:49	-38.69000	145.29815	-2	0.0	3	4.0	216
29/09/2020,01:48:02	-38.69031	145.29818	-160	0.0	3	4.0	246
29/09/2020,01:48:11	-38.69024	145.29821	-58	0.0	3	4.0	191
29/09/2020,01:48:21	-38.69000	145.29819	90	0.0	3	4.0	215
29/09/2020,01:52:26	-38.69109	145.29845	-0	0.0	3	3.3	245
29/09/2020,01:52:31	-38.69119	145.29845	-38	0.0	3	1.4	214
29/09/2020,01:52:41	-38.69102	145.29835	40	0.0	3	3.3	185
29/09/2020,01:52:51	-38.69126	145.29845	6	0.0	3	3.3	214
29/09/2020,01:55:09	-38.69164	145.29868	6	0.0	3	3.2	262
29/09/2020,01:55:21	-38.69188	145.29873	-66	0.0	3	3.2	184
29/09/2020,01:55:32	-38.69176	145.29870	0	0.0	3	3.2	212
29/09/2020,01:55:42	-38.69187	145.29875	-76	0.0	3	3.1	219
29/09/2020,01:55:50	-38.69190	145.29854	-92	3.7	3	1.4	212
29/09/2020,01:56:02	-38.69180	145.29877	16	0.0	3	3.1	213
29/09/2020,01:56:12	-38.69177	145.29871	68	0.0	3	3.1	214
29/09/2020,01:56:21	-38.69173	145.29878	-14	0.0	3	3.1	186
29/09/2020,01:56:31	-38.69192	145.29871	-38	0.0	3	3.1	211
29/09/2020,01:56:42	-38.69202	145.29880	-14	0.0	3	3.1	210
29/09/2020,01:57:14	-38.69225	145.29882	-20	0.0	3	3.1	257
29/09/2020,01:57:39	-38.69205	145.29868	4	0.0	2	2.3	204
29/09/2020,01:57:52	-38.69213	145.29874	24	0.0	3	3.0	186
29/09/2020,01:58:01	-38.69224	145.29868	-52	0.0	3	3.0	201
29/09/2020,01:58:11	-38.69207	145.29868	132	0.0	3	3.0	210
29/09/2020,01:58:22	-38.69238	145.29878	-60	0.0	3	3.0	211
29/09/2020,01:58:32	-38.69235	145.29872	-14	0.0	3	3.0	203
29/09/2020,01:58:41	-38.69215	145.29867	56	0.0	3	3.0	207
29/09/2020,01:58:51	-38.69235	145.29880	-0	0.0	3	3.0	205
29/09/2020,01:59:01	-38.69228	145.29882	56	0.0	3	3.0	151
29/09/2020,01:59:11	-38.69238	145.29869	-42	0.0	3	3.0	208
29/09/2020,01:59:22	-38.69236	145.29871	-6	0.0	3	3.0	203
29/09/2020,01:59:31	-38.69241	145.29860	-24	0.0	3	2.4	198
29/09/2020,01:59:41	-38.69247	145.29858	-84	0.0	3	2.4	207
29/09/2020,01:59:50	-38.69235	145.29868	48	0.0	3	2.4	146
29/09/2020,02:00:00	-38.69242	145.29859	-48	3.7	3	2.4	208
29/09/2020,02:00:10	-38.69240	145.29872	-4	0.0	3	2.4	177
29/09/2020,02:00:20	-38.69252	145.29863	48	0.0	3	2.4	180
29/09/2020,02:00:30	-38.69256	145.29839	-138	0.0	3	2.4	206
29/09/2020,02:00:40	-38.69252	145.29853	64	0.0	3	2.4	205
29/09/2020,02:00:50	-38.69264	145.29860	-56	0.0	3	2.4	179
29/09/2020,02:01:00	-38.69260	145.29845	-178	0.0	3	2.4	206
29/09/2020,02:01:13	-38.69259	145.29859	6	0.0	3	2.4	198
29/09/2020,02:01:20	-38.69262	145.29852	-4	0.0	3	2.4	212
29/09/2020,02:01:30	-38.69279	145.29864	-148	0.0	3	2.4	211
29/09/2020,02:01:40	-38.69261	145.29847	22	0.0	3	2.4	154
29/09/2020,02:01:50	-38.69277	145.29855	-60	0.0	3	2.3	147
29/09/2020,02:02:00	-38.69267	145.29859	-0	0.0	3	2.3	159
29/09/2020,02:02:10	-38.69270	145.29844	-48	0.0	3	2.3	156
29/09/2020,02:02:20	-38.69281	145.29848	-82	0.0	3	2.3	152
29/09/2020,02:02:30	-38.69283	145.29851	-50	0.0	3	2.3	208
29/09/2020,02:02:40	-38.69271	145.29854	-6	0.0	3	2.3	203
29/09/2020,02:02:50	-38.69289	145.29834	-32	0.0	3	2.3	208
29/09/2020,02:03:03	-38.69266	145.29831	28	0.0	3	2.3	204
29/09/2020,02:03:25	-38.69286	145.29829	-8	0.0	3	2.3	200
29/09/2020,02:03:29	-38.69273	145.29846	8	0.0	3	1.4	159
29/09/2020,02:03:39	-38.69281	145.29816	114	0.0	3	2.3	162
29/09/2020,02:03:50	-38.69278	145.29817	158	0.0	3	2.3	211
29/09/2020,02:04:00	-38.69296	145.29813	-6	0.0	3	2.3	154
29/09/2020,02:05:16	-38.69316	145.29807	-48	0.0	3	2.2	161
29/09/2020,02:05:24	-38.69318	145.29814	104	0.0	3	2.2	216
29/09/2020,02:05:31	-38.69341	145.29814	-28	0.0	3	2.2	215
29/09/2020,02:05:41	-38.69360	145.29811	-62	0.0	3	2.2	156
29/09/2020,02:05:50	-38.69345	145.29814	32	0.0	3	2.2	210
29/09/2020,02:06:01	-38.69347	145.29805	-54	0.0	3	2.2	221
29/09/2020,02:07:24	-38.69384	145.29798	-52	0.0	3	2.2	191
29/09/2020,02:07:32	-38.69398	145.29791	-210	0.0	3	2.2	215
29/09/2020,02:07:42	-38.69402	145.29813	114	7.4	3	2.2	194
29/09/2020,02:07:52	-38.69392	145.29814	20	7.4	3	2.2	248
29/09/2020,02:08:01	-38.69383	145.29830	132	0.0	3	2.2	218
29/09/2020,02:08:11	-38.69395	145.29815	-8	0.0	3	2.2	211
29/09/2020,02:10:18	-38.69448	145.29842	12	0.0	3	2.1	207
29/09/2020,02:10:20	-38.69450	145.29840	-46	0.0	3	2.1	185
29/09/2020,02:12:36	-38.69486	145.29887	-6	7.4	3	2.1	118
29/09/2020,02:12:39	-38.69479	145.29870	-10	3.7	3	1.4	155
29/09/2020,02:13:08	-38.69500	145.29898	-16	0.0	3	2.1	231
29/09/2020,02:13:10	-38.69497	145.29907	-40	0.0	3	2.1	209
29/09/2020,02:14:27	-38.69519	145.29919	-48	0.0	3	2.1	159
29/09/2020,02:14:29	-38.69530	145.29944	134	0.0	3	2.1	161
29/09/2020,02:14:39	-38.69520	145.29904	22	3.7	3	2.1	221
29/09/2020,02:14:50	-38.69527	145.29926	-82	0.0	3	2.1	160
29/09/2020,02:15:00	-38.69548	145.29931	-70	0.0	3	2.1	156
29/09/2020,02:15:09	-38.69549	145.29926	-154	0.0	3	2.1	161
29/09/2020,02:15:20	-38.69543	145.29933	-8	0.0	3	2.1	208
29/09/2020,02:16:21	-38.69562	145.29975	8	0.0	3	2.1	212
29/09/2020,02:16:31	-38.69563	145.29969	8	0.0	3	2.1	217
29/09/2020,02:16:40	-38.69541	145.29981	52	0.0	3	2.1	158
29/09/2020,02:16:50	-38.69573	145.29961	-6	0.0	3	2.1	155
29/09/2020,02:19:00	-38.69616	145.30024	-2	0.0	3	2.1	227
29/09/2020,02:21:05	-38.69648	145.30085	8	3.7	3	2.0	81
29/09/2020,02:40:29	-38.70130	145.30517	10	0.0	3	2.0	201
29/09/2020,02:41:23	-38.70134	145.30551	-18	0.0	3	2.0	186
29/09/2020,02:41:29	-38.70150	145.30570	34	0.0	3	2.0	211
29/09/2020,02:41:40	-38.70154	145.30558	-4	0.0	3	2.0	155
29/09/2020,02:41:50	-38.70154	145.30568	6	0.0	3	2.0	152
29/09/2020,02:42:00	-38.70136	145.30579	-6	0.0	3	2.0	151
29/09/2020,02:43:06	-38.70116	145.30626	-6	0.0	3	2.0	206
29/09/2020,02:43:10	-38.70122	145.30642	6	0.0	3	1.4	159
29/09/2020,02:43:21	-38.70109	145.30636	-8	0.0	3	2.0	154
29/09/2020,02:50:34	-38.69879	145.30702	2	0.0	3	2.1	203
29/09/2020,02:50:40	-38.69870	145.30712	18	0.0	3	2.1	209
29/09/2020,02:50:50	-38.69869	145.30693	-2	0.0	3	2.1	154
29/09/2020,02:51:01	-38.69879	145.30689	-8	0.0	3	2.1	182
29/09/2020,02:51:25	-38.69863	145.30689	10	0.0	3	2.1	207
29/09/2020,02:51:31	-38.69861	145.30687	34	0.0	3	2.1	211
29/09/2020,02:51:41	-38.69860	145.30678	2	0.0	3	2.1	146
29/09/2020,02:51:50	-38.69850	145.30681	-4	0.0	3	2.1	145
29/09/2020,02:52:00	-38.69862	145.30665	2	0.0	3	2.1	207
29/09/2020,02:52:10	-38.69859	145.30666	2	0.0	3	2.1	155
29/09/2020,02:52:20	-38.69857	145.30658	-8	0.0	3	2.1	155
29/09/2020,02:52:30	-38.69852	145.30647	-10	0.0	3	2.1	157
29/09/2020,02:52:40	-38.69841	145.30652	-2	0.0	3	2.1	211
29/09/2020,02:52:51	-38.69841	145.30654	8	0.0	3	2.1	159
29/09/2020,02:53:02	-38.69824	145.30653	10	0.0	3	2.1	210
29/09/2020,02:53:11	-38.69826	145.30649	-6	0.0	3	2.1	157
29/09/2020,02:53:21	-38.69835	145.30648	4	0.0	3	2.1	211
29/09/2020,02:53:30	-38.69813	145.30652	24	0.0	3	2.1	157
29/09/2020,02:53:40	-38.69823	145.30630	-18	0.0	3	2.1	213
29/09/2020,02:53:51	-38.69828	145.30627	-8	0.0	3	2.1	156
29/09/2020,02:54:01	-38.69824	145.30623	4	0.0	3	2.1	157
29/09/2020,02:54:30	-38.69835	145.30626	8	0.0	3	2.1	59
29/09/2020,02:54:40	-38.69835	145.30627	100	3.7	3	2.1	186
29/09/2020,02:54:51	-38.69871	145.30602	6	0.0	3	2.1	188
29/09/2020,03:08:56	-38.69747	145.30137	-4	0.0	3	2.2	228
29/09/2020,03:09:00	-38.69753	145.30137	-8	0.0	3	2.2	244
29/09/2020,03:24:18	-38.70046	145.29750	-4	0.0	3	3.0	230
29/09/2020,03:24:22	-38.70048	145.29748	-8	0.0	3	3.0	231
29/09/2020,03:24:34	-38.70045	145.29744	-12	0.0	3	3.0	209
29/09/2020,03:32:53	-38.70144	145.29604	0	0.0	3	3.2	261
29/09/2020,03:33:01	-38.70134	145.29611	6	0.0	3	3.3	236
29/09/2020,03:42:02	-38.69938	145.29573	2	0.0	6	1.1	274
29/09/2020,03:56:13	-38.69627	145.29755	-6	0.0	5	1.1	247
29/09/2020,03:58:10	-38.69607	145.29830	-8	0.0	6	1.0	216
29/09/2020,03:58:21	-38.69596	145.29834	0	0.0	5	1.1	217
29/09/2020,03:58:29	-38.69611	145.29823	8	0.0	4	2.0	179
29/09/2020,03:58:46	-38.69623	145.29835	-2	0.0	5	1.1	230
29/09/2020,03:59:09	-38.69646	145.29831	0	0.0	5	1.1	203
29/09/2020,03:59:20	-38.69631	145.29831	-0	0.0	3	1.2	201
29/09/2020,03:59:30	-38.69654	145.29841	-6	0.0	6	1.0	214
29/09/2020,04:02:33	-38.69751	145.29853	2	0.0	5	1.1	243
29/09/2020,04:07:53	-38.69928	145.29852	0	0.0	5	1.1	182
29/09/2020,04:07:59	-38.69939	145.29852	8	0.0	4	1.2	186
29/09/2020,04:08:09	-38.69944	145.29852	-10	0.0	5	1.1	191
29/09/2020,04:13:46	-38.70088	145.29961	4	0.0	5	1.1	179
29/09/2020,04:13:50	-38.70097	145.29963	10	0.0	4	1.2	177
29/09/2020,04:14:30	-38.70108	145.29967	6	3.7	3	2.0	177
29/09/2020,04:14:41	-38.70105	145.29967	-2	0.0	4	1.2	176
29/09/2020,04:14:51	-38.70131	145.29976	4	0.0	5	1.1	182
29/09/2020,04:15:38	-38.70139	145.29972	6	0.0	3	1.2	180
29/09/2020,04:15:50	-38.70144	145.29984	12	0.0	4	1.2	178
29/09/2020,04:15:59	-38.70122	145.29978	-32	0.0	3	1.3	154
29/09/2020,04:19:57	-38.70183	145.29818	-2	0.0	5	1.1	168
29/09/2020,04:20:16	-38.70188	145.29800	6	0.0	5	1.1	170
29/09/2020,04:22:10	-38.70185	145.29756	0	0.0	4	1.2	172
29/09/2020,04:22:35	-38.70176	145.29756	4	0.0	5	1.1	171
29/09/2020,04:22:40	-38.70178	145.29750	10	0.0	4	1.2	182
29/09/2020,04:22:55	-38.70173	145.29754	12	0.0	4	1.2	168
29/09/2020,04:23:00	-38.70177	145.29759	8	0.0	4	1.2	178
29/09/2020,04:23:11	-38.70167	145.29753	8	0.0	5	1.1	205
29/09/2020,04:23:20	-38.70173	145.29765	2	0.0	3	2.1	174
29/09/2020,04:23:30	-38.70172	145.29758	-0	0.0	4	1.2	180
29/09/2020,04:23:56	-38.70185	145.29769	2	0.0	4	1.2	169
29/09/2020,04:24:00	-38.70191	145.29763	10	0.0	4	1.2	172
29/09/2020,04:24:38	-38.70206	145.29765	4	0.0	4	1.4	146
29/09/2020,04:24:40	-38.70221	145.29771	12	0.0	4	1.2	178
29/09/2020,04:24:50	-38.70216	145.29765	20	0.0	3	1.2	168
29/09/2020,04:28:34	-38.70293	145.29857	0	0.0	5	1.1	175
29/09/2020,04:28:58	-38.70296	145.29854	4	0.0	5	1.1	170
29/09/2020,04:29:01	-38.70310	145.29854	2	0.0	4	1.2	175
29/09/2020,04:29:40	-38.70309	145.29878	10	0.0	5	1.1	200
29/09/2020,04:29:50	-38.70314	145.29875	14	0.0	4	2.4	166
29/09/2020,04:30:20	-38.70324	145.29904	2	0.0	4	1.1	141
29/09/2020,04:32:18	-38.70246	145.29903	2	0.0	5	1.1	172
29/09/2020,04:32:20	-38.70239	145.29905	0	0.0	3	2.2	169
29/09/2020,04:39:42	-38.69983	145.29842	8	0.0	4	1.1	147
29/09/2020,04:39:49	-38.69953	145.29821	-4	14.8	3	2.3	147
29/09/2020,04:40:29	-38.69926	145.29828	4	3.7	3	2.3	155
29/09/2020,04:40:40	-38.69965	145.29840	4	0.0	4	1.1	153
29/09/2020,04:40:50	-38.69937	145.29841	-6	0.0	3	2.1	150
29/09/2020,04:43:02	-38.69892	145.29807	6	0.0	4	1.1	226
29/09/2020,04:44:58	-38.69823	145.29814	4	0.0	4	1.1	156
29/09/2020,04:45:00	-38.69831	145.29813	18	0.0	3	2.3	170
29/09/2020,04:45:13	-38.69797	145.29804	0	0.0	3	2.1	149
29/09/2020,04:45:33	-38.69791	145.29812	2	0.0	4	1.1	183
29/09/2020,04:45:44	-38.69779	145.29814	2	0.0	2	5.0	163
29/09/2020,04:45:51	-38.69780	145.29810	12	0.0	4	1.1	168
29/09/2020,04:46:35	-38.69736	145.29789	14	0.0	3	2.1	145
29/09/2020,04:46:49	-38.69742	145.29795	4	0.0	4	1.1	157
29/09/2020,04:47:00	-38.69704	145.29786	-2	0.0	3	2.1	149
29/09/2020,04:47:20	-38.69705	145.29790	0	0.0	3	1.2	114
29/09/2020,04:47:33	-38.69699	145.29807	-50	0.0	2	2.4	139
29/09/2020,04:47:55	-38.69673	145.29795	4	0.0	4	1.1	186
29/09/2020,04:50:20	-38.69551	145.29794	-0	0.0	3	1.2	142
29/09/2020,04:54:56	-38.69302	145.29737	-12	3.7	3	2.1	33
29/09/2020,04:54:59	-38.69272	145.29734	16	0.0	3	2.4	126
29/09/2020,05:00:32	-38.69033	145.29622	4	0.0	3	2.4	216
29/09/2020,05:00:39	-38.69018	145.29608	-6	0.0	3	2.4	126
29/09/2020,05:00:50	-38.69015	145.29608	0	0.0	3	2.4	142
29/09/2020,05:01:30	-38.69004	145.29614	6	0.0	3	2.4	124
29/09/2020,05:02:14	-38.68985	145.29614	2	7.4	3	2.4	81
29/09/2020,05:02:22	-38.68992	145.29616	2	0.0	2	3.0	118
29/09/2020,05:02:59	-38.68957	145.29589	10	0.0	3	2.4	223
29/09/2020,05:08:24	-38.68751	145.29400	0	0.0	3	3.0	207
29/09/2020,05:08:31	-38.68750	145.29390	-2	0.0	3	3.0	150
29/09/2020,10:03:08	-38.51028	145.15035	16	0.0	3	6.2	204
29/09/2020,11:00:26	-38.51007	145.15040	22	7.4	2	16.0	108
29/09/2020,12:11:20	-38.51008	145.15037	6	0.0	4	1.1	174
29/09/2020,13:07:23	-38.50999	145.15033	14	3.7	2	2.3	247
29/09/2020,14:00:31	-38.51001	145.15024	30	0.0	3	3.2	185
29/09/2020,15:00:15	-38.50992	145.15034	26	0.0	3	4.0	178
29/09/2020,16:14:24	-38.51002	145.15034	-6	0.0	2	2.2	127
29/09/2020,16:14:34	-38.50996	145.15036	-6	0.0	2	2.2	129
29/09/2020,16:14:46	-38.50998	145.15014	-8	0.0	2	2.2	110
29/09/2020,16:14:57	-38.51002	145.15038	-12	0.0	2	2.2	115
29/09/2020,17:15:45	-38.51005	145.15027	8	0.0	4	2.2	190
29/09/2020,17:15:52	-38.51006	145.15037	-0	0.0	4	2.2	194
29/09/2020,17:16:03	-38.51001	145.15026	12	0.0	3	4.0	193
29/09/2020,17:16:12	-38.50993	145.15041	62	0.0	3	4.0	170
29/09/2020,17:16:22	-38.50995	145.15024	36	0.0	3	4.0	203
29/09/2020,17:16:33	-38.51006	145.15035	8	0.0	3	4.0	198
29/09/2020,17:16:43	-38.50999	145.15027	30	0.0	3	4.0	181
29/09/2020,17:16:52	-38.51001	145.15008	10	0.0	3	4.0	175
29/09/2020,17:17:02	-38.51004	145.15022	2	0.0	3	4.0	176
29/09/2020,17:17:12	-38.51003	145.15033	-4	0.0	3	4.0	200
29/09/2020,17:17:22	-38.50994	145.15011	38	0.0	3	4.0	190
29/09/2020,17:17:34	-38.50993	145.15013	4	22.2	3	4.0	146
29/09/2020,17:27:24	-38.50987	145.15029	96	0.0	3	3.4	123
29/09/2020,17:27:35	-38.51014	145.15034	96	0.0	2	3.2	95
29/09/2020,17:27:46	-38.50998	145.15031	96	0.0	2	3.2	97
29/09/2020,17:27:56	-38.50981	145.15024	96	3.7	2	3.2	95
29/09/2020,17:38:04	-38.51000	145.15034	14	0.0	5	1.4	176
29/09/2020,17:38:13	-38.50999	145.15033	24	0.0	4	4.1	225
29/09/2020,17:38:23	-38.50994	145.15035	26	0.0	4	4.1	228
29/09/2020,17:38:32	-38.51014	145.15026	-10	0.0	4	4.1	199
29/09/2020,17:38:42	-38.51011	145.15035	-8	0.0	4	4.1	221
29/09/2020,17:38:53	-38.51006	145.15026	6	0.0	5	1.4	225
29/09/2020,17:39:01	-38.50993	145.15031	48	0.0	3	2.1	205
29/09/2020,17:39:12	-38.50989	145.15042	28	0.0	4	2.3	205
29/09/2020,17:39:22	-38.51006	145.15033	12	0.0	5	1.4	225
29/09/2020,17:39:32	-38.51000	145.15028	10	0.0	4	4.2	224
29/09/2020,17:39:42	-38.50999	145.15034	22	0.0	4	2.3	220
29/09/2020,17:39:52	-38.50987	145.15024	26	0.0	3	5.0	201
29/09/2020,17:40:02	-38.51005	145.15028	0	0.0	5	1.4	225
29/09/2020,17:40:11	-38.51010	145.15029	10	0.0	3	2.1	223
29/09/2020,17:40:23	-38.51010	145.15025	4	0.0	5	1.4	231
29/09/2020,17:40:31	-38.51014	145.15023	-14	0.0	3	2.1	229
29/09/2020,17:40:42	-38.51015	145.15038	-18	0.0	4	4.2	224
29/09/2020,17:40:52	-38.51012	145.15030	-16	0.0	4	4.2	225
29/09/2020,17:41:02	-38.51029	145.15023	-40	0.0	4	4.2	226
29/09/2020,17:41:12	-38.51005	145.15028	14	3.7	5	1.4	225
29/09/2020,17:41:22	-38.50992	145.15037	26	0.0	4	2.4	224
29/09/2020,17:41:32	-38.50980	145.15049	34	0.0	5	1.4	217
29/09/2020,17:41:42	-38.51003	145.15028	14	0.0	4	4.2	218
29/09/2020,17:41:53	-38.51015	145.15031	-0	0.0	5	1.4	224
29/09/2020,17:42:03	-38.51009	145.15034	-0	0.0	5	1.4	229
29/09/2020,17:42:12	-38.51000	145.15027	26	0.0	5	1.4	226
29/09/2020,17:42:22	-38.50996	145.15034	0	0.0	5	1.4	224
29/09/2020,17:42:32	-38.50992	145.15036	34	0.0	5	1.4	224
29/09/2020,17:42:41	-38.50985	145.15037	32	0.0	3	2.2	201
29/09/2020,17:42:52	-38.50996	145.15035	24	0.0	5	1.4	228
29/09/2020,17:43:02	-38.50995	145.15034	26	0.0	5	1.4	226
29/09/2020,17:43:12	-38.51018	145.15029	-18	0.0	5	1.4	222
29/09/2020,17:43:22	-38.50987	145.15038	30	0.0	4	2.4	224
29/09/2020,17:43:33	-38.50992	145.15037	34	0.0	4	4.3	213
29/09/2020,17:43:43	-38.50997	145.15036	20	0.0	4	4.3	212
29/09/2020,17:43:53	-38.51001	145.15030	14	0.0	4	4.3	213
29/09/2020,17:44:03	-38.51013	145.15031	-8	0.0	4	4.3	204
29/09/2020,17:44:13	-38.51010	145.15033	14	0.0	3	5.3	204
29/09/2020,17:44:23	-38.51050	145.15021	-50	0.0	3	5.3	188
29/09/2020,17:44:33	-38.50986	145.15044	46	0.0	4	4.3	210
29/09/2020,17:44:43	-38.50960	145.15050	80	0.0	3	5.3	178
29/09/2020,17:44:53	-38.51015	145.15033	-10	0.0	3	5.4	188
29/09/2020,17:45:03	-38.51000	145.15025	24	7.4	4	4.3	202
29/09/2020,17:45:12	-38.50978	145.15044	44	0.0	3	5.4	196
29/09/2020,17:45:22	-38.50966	145.15063	38	0.0	3	5.4	207
29/09/2020,17:45:33	-38.50998	145.15029	20	3.7	4	4.3	215
29/09/2020,17:45:42	-38.50969	145.15034	50	0.0	3	5.4	216
29/09/2020,17:45:52	-38.50959	145.15050	58	0.0	3	6.0	186
29/09/2020,17:46:02	-38.51006	145.15030	-4	0.0	3	6.0	209
29/09/2020,17:46:13	-38.51007	145.15029	16	0.0	4	3.1	207
29/09/2020,17:46:22	-38.50925	145.15058	124	0.0	3	6.0	214
29/09/2020,17:46:33	-38.50995	145.15034	28	0.0	3	6.0	196
29/09/2020,17:46:42	-38.50983	145.15027	58	0.0	4	4.3	204
29/09/2020,17:46:54	-38.50976	145.15037	58	0.0	2	2.3	192
29/09/2020,17:47:03	-38.50993	145.15025	58	3.7	2	2.3	197
29/09/2020,17:47:12	-38.50985	145.15022	60	3.7	3	6.1	202
29/09/2020,17:47:23	-38.50997	145.15047	8	0.0	4	3.1	214
29/09/2020,17:47:33	-38.50997	145.15029	28	0.0	4	4.3	193
29/09/2020,17:47:43	-38.51001	145.15030	14	3.7	4	4.3	194
29/09/2020,17:47:53	-38.51044	145.15014	-40	0.0	3	5.1	194
29/09/2020,17:48:03	-38.50998	145.15033	16	3.7	4	4.3	191
29/09/2020,17:48:13	-38.51017	145.15032	-6	0.0	4	4.3	195
29/09/2020,17:48:23	-38.51045	145.15006	-38	3.7	4	4.3	191
29/09/2020,17:48:33	-38.51064	145.14989	-50	0.0	3	6.3	174
29/09/2020,17:48:43	-38.51017	145.15028	-10	0.0	3	6.3	192
29/09/2020,17:48:53	-38.50992	145.15025	42	3.7	4	4.3	192
29/09/2020,17:49:03	-38.51017	145.15023	-2	0.0	4	4.4	192
29/09/2020,17:49:13	-38.50990	145.15030	36	3.7	4	4.4	191
29/09/2020,17:49:23	-38.51036	145.15001	-16	0.0	3	6.4	190
29/09/2020,17:49:33	-38.51009	145.15021	14	3.7	4	4.4	192
29/09/2020,17:49:43	-38.51001	145.15032	18	3.7	3	6.4	194
29/09/2020,17:49:53	-38.50973	145.15048	50	7.4	3	6.4	198
29/09/2020,17:50:03	-38.50992	145.15053	20	3.7	3	7.0	191
29/09/2020,17:50:13	-38.50976	145.15053	50	0.0	3	7.0	192
29/09/2020,17:50:23	-38.50942	145.15054	94	0.0	3	7.0	196
29/09/2020,17:50:32	-38.51034	145.15021	-38	7.4	3	7.0	196
29/09/2020,17:50:43	-38.51014	145.15034	-16	7.4	3	7.1	193
29/09/2020,17:50:53	-38.51037	145.15016	-42	3.7	3	5.0	192
29/09/2020,17:51:03	-38.51009	145.15025	18	11.1	3	7.1	190
29/09/2020,17:51:14	-38.51010	145.15027	16	0.0	4	4.4	194
29/09/2020,17:51:24	-38.51009	145.15037	0	0.0	4	4.4	187
29/09/2020,17:51:34	-38.51030	145.15012	-18	0.0	4	4.4	189
29/09/2020,17:51:43	-38.51003	145.15030	14	3.7	4	4.4	195
29/09/2020,17:51:53	-38.50964	145.15059	40	11.1	3	7.3	194
29/09/2020,17:52:03	-38.50986	145.15038	38	7.4	3	7.3	194
29/09/2020,17:52:13	-38.51012	145.15019	10	0.0	3	7.3	194
29/09/2020,17:52:24	-38.50941	145.15068	78	3.7	3	7.4	190
29/09/2020,17:52:34	-38.51074	145.14979	-42	3.7	3	7.4	186
29/09/2020,17:52:42	-38.50979	145.15052	34	3.7	3	7.4	191
29/09/2020,17:52:53	-38.51005	145.15034	16	18.5	3	8.0	191
29/09/2020,17:53:03	-38.50955	145.15065	64	7.4	3	8.0	170
29/09/2020,17:53:13	-38.50968	145.15064	44	0.0	3	8.0	195
29/09/2020,17:53:23	-38.51007	145.15038	-12	0.0	3	8.1	172
29/09/2020,17:53:33	-38.51003	145.15035	-0	0.0	3	8.1	192
29/09/2020,17:53:43	-38.50987	145.15041	38	0.0	3	8.1	191
29/09/2020,17:53:53	-38.50973	145.15053	38	0.0	3	8.2	177
29/09/2020,17:54:02	-38.51016	145.15028	-16	0.0	3	8.2	178
29/09/2020,17:54:12	-38.50996	145.15040	20	0.0	3	8.2	196
29/09/2020,17:54:22	-38.50974	145.15049	36	0.0	3	8.3	174
29/09/2020,17:54:32	-38.50968	145.15066	36	0.0	3	8.3	172
29/09/2020,17:54:42	-38.51007	145.15036	2	0.0	3	8.3	174
29/09/2020,17:54:53	-38.50987	145.15049	22	0.0	3	8.4	193
29/09/2020,17:55:02	-38.51010	145.15025	14	0.0	3	8.4	190
29/09/2020,17:55:12	-38.50921	145.15088	102	0.0	3	9.0	175
29/09/2020,17:55:22	-38.50996	145.15037	16	0.0	3	9.0	172
29/09/2020,17:55:32	-38.51037	145.15006	-36	0.0	3	9.0	174
29/09/2020,17:55:42	-38.51037	145.15018	-10	0.0	3	9.1	172
29/09/2020,17:55:53	-38.50997	145.15036	24	0.0	3	9.1	175
29/09/2020,17:56:02	-38.50943	145.15062	92	0.0	3	9.2	175
29/09/2020,17:56:12	-38.51009	145.15031	-4	0.0	3	9.2	174
29/09/2020,17:56:23	-38.51041	145.15010	-38	0.0	3	9.3	173
29/09/2020,17:56:32	-38.50995	145.15036	24	0.0	3	9.3	175
29/09/2020,17:56:42	-38.50969	145.15056	32	0.0	3	9.4	173
29/09/2020,17:56:53	-38.50991	145.15038	14	0.0	3	9.4	174
29/09/2020,17:57:02	-38.51038	145.15015	-50	0.0	3	10.0	174
29/09/2020,17:57:12	-38.50978	145.15044	38	0.0	3	10.0	174
29/09/2020,17:57:23	-38.50989	145.15044	36	0.0	3	10.1	177
29/09/2020,17:57:32	-38.51012	145.15026	0	0.0	3	10.1	172
29/09/2020,17:57:42	-38.50976	145.15036	54	0.0	3	10.2	174
29/09/2020,17:57:53	-38.50956	145.15067	60	0.0	3	10.2	177
29/09/2020,17:58:02	-38.50975	145.15057	30	0.0	3	10.3	170
29/09/2020,17:58:13	-38.51034	145.15005	-16	0.0	3	10.4	175
29/09/2020,17:58:23	-38.51011	145.15030	4	0.0	3	10.4	174
29/09/2020,17:58:33	-38.51021	145.15020	-12	0.0	3	11.0	175
29/09/2020,17:58:43	-38.51022	145.15019	-12	0.0	3	11.0	173
29/09/2020,17:58:53	-38.50952	145.15065	74	0.0	3	11.1	175
29/09/2020,17:59:03	-38.51013	145.15027	2	0.0	3	11.2	195
29/09/2020,17:59:12	-38.50981	145.15050	34	0.0	3	11.2	192
29/09/2020,17:59:23	-38.51021	145.15019	-10	0.0	3	11.3	176
29/09/2020,17:59:33	-38.50980	145.15043	50	0.0	3	11.4	218
29/09/2020,17:59:43	-38.50952	145.15070	62	0.0	3	12.0	198
29/09/2020,17:59:53	-38.51011	145.15027	8	0.0	3	12.0	194
29/09/2020,18:00:02	-38.50943	145.15082	72	0.0	3	12.1	174
29/09/2020,18:00:12	-38.51023	145.15025	-6	0.0	3	12.2	177
29/09/2020,18:00:23	-38.50933	145.15077	96	0.0	3	12.3	179
29/09/2020,18:00:33	-38.50956	145.15069	58	0.0	3	12.3	179
29/09/2020,18:00:42	-38.50941	145.15087	60	0.0	3	12.4	176
29/09/2020,18:00:53	-38.51093	145.14958	-90	0.0	3	13.0	180
29/09/2020,18:01:02	-38.50979	145.15049	28	0.0	3	13.1	171
29/09/2020,18:01:13	-38.51025	145.15007	-8	0.0	3	13.2	175
29/09/2020,18:01:23	-38.51040	145.15004	-34	0.0	3	13.3	178
29/09/2020,18:01:34	-38.51023	145.15015	-6	0.0	3	13.4	176
29/09/2020,18:01:43	-38.51000	145.15044	6	0.0	3	14.0	178
29/09/2020,18:01:53	-38.50975	145.15054	36	0.0	3	14.1	177
29/09/2020,18:02:03	-38.50939	145.15090	62	0.0	3	14.2	177
29/09/2020,18:02:13	-38.51016	145.15018	-0	0.0	3	14.3	177
29/09/2020,18:02:23	-38.51050	145.14995	-40	0.0	3	14.4	175
29/09/2020,18:02:32	-38.51098	145.14956	-94	0.0	3	15.0	168
29/09/2020,18:02:43	-38.51037	145.15005	-16	0.0	3	15.1	178
29/09/2020,18:02:53	-38.51046	145.14993	-22	0.0	3	15.2	174
29/09/2020,18:03:03	-38.50937	145.15077	86	0.0	3	15.3	179
29/09/2020,18:03:13	-38.51005	145.15026	4	0.0	3	16.0	176
29/09/2020,18:03:23	-38.50911	145.15111	100	0.0	3	16.1	175
29/09/2020,18:03:33	-38.51084	145.14967	-68	0.0	3	16.2	175
29/09/2020,18:03:44	-38.51004	145.15025	12	0.0	3	16.4	168
29/09/2020,18:03:54	-38.51015	145.15019	-0	3.7	3	17.0	173
29/09/2020,18:04:02	-38.50946	145.15073	84	0.0	3	17.1	186
29/09/2020,18:04:13	-38.51043	145.14999	-20	0.0	3	17.3	173
29/09/2020,18:04:23	-38.51076	145.14966	-70	0.0	3	18.0	174
29/09/2020,18:04:34	-38.51045	145.14990	-18	0.0	3	18.2	171
29/09/2020,18:04:43	-38.51017	145.15027	-6	0.0	3	18.3	172
29/09/2020,18:04:53	-38.50962	145.15063	48	3.7	3	19.0	172
29/09/2020,18:05:04	-38.50998	145.15036	16	0.0	3	19.2	171
29/09/2020,18:05:16	-38.51083	145.14962	-60	3.7	3	19.4	163
29/09/2020,18:07:42	-38.51002	145.15032	10	0.0	4	2.2	166
29/09/2020,18:07:52	-38.50995	145.15037	32	0.0	4	2.2	171
29/09/2020,18:08:01	-38.50999	145.15040	0	0.0	3	2.3	161
29/09/2020,18:08:12	-38.51009	145.15027	-4	0.0	4	2.2	190
29/09/2020,18:08:22	-38.51009	145.15027	0	0.0	3	2.2	187
29/09/2020,18:08:33	-38.50996	145.15031	20	0.0	3	2.4	190
29/09/2020,18:08:42	-38.51016	145.15027	-2	0.0	3	2.4	164
29/09/2020,18:08:52	-38.51020	145.15020	-12	0.0	3	2.4	165
29/09/2020,18:09:02	-38.51007	145.15021	18	0.0	3	2.4	164
29/09/2020,18:09:12	-38.51006	145.15032	8	0.0	4	2.2	191
29/09/2020,18:09:22	-38.50997	145.15030	16	0.0	2	7.0	174
29/09/2020,18:09:35	-38.51001	145.15029	-2	0.0	4	2.2	168
29/09/2020,18:09:42	-38.51014	145.15030	-16	0.0	3	2.2	168
29/09/2020,18:09:53	-38.51006	145.15027	20	0.0	4	2.2	211
29/09/2020,18:10:02	-38.51010	145.15031	18	0.0	2	4.4	192
29/09/2020,18:10:12	-38.51009	145.15019	-2	0.0	4	2.2	176
29/09/2020,18:10:23	-38.50991	145.15038	-22	0.0	3	2.2	187
29/09/2020,18:10:32	-38.50999	145.15026	-20	0.0	2	4.4	184
29/09/2020,18:10:44	-38.50999	145.15031	-4	0.0	3	2.4	183
29/09/2020,18:10:53	-38.50988	145.15031	-6	0.0	2	4.3	181
29/09/2020,18:11:02	-38.51007	145.15029	6	0.0	3	2.4	195
29/09/2020,18:11:11	-38.51014	145.15043	-16	0.0	3	2.4	174
29/09/2020,18:11:22	-38.51004	145.15025	16	0.0	3	2.4	172
29/09/2020,18:11:31	-38.51000	145.15028	38	0.0	3	2.4	177
29/09/2020,18:11:41	-38.50998	145.15034	8	0.0	3	2.4	175
29/09/2020,18:11:51	-38.51004	145.15035	-16	0.0	3	2.2	176
29/09/2020,18:12:01	-38.50997	145.15025	42	0.0	3	2.4	172
29/09/2020,18:12:12	-38.51006	145.15034	-4	0.0	4	2.2	173
29/09/2020,18:12:21	-38.50999	145.15045	4	0.0	3	2.4	169
29/09/2020,18:12:31	-38.51000	145.15036	-14	0.0	3	2.2	183
29/09/2020,18:12:42	-38.51002	145.15018	24	0.0	4	2.2	177
29/09/2020,18:12:52	-38.51009	145.15026	-6	0.0	3	2.2	176
29/09/2020,18:13:02	-38.51017	145.15021	-6	0.0	3	2.2	174
29/09/2020,18:13:11	-38.51002	145.15034	0	0.0	4	2.2	170
29/09/2020,18:13:21	-38.50994	145.15027	-12	0.0	3	2.2	176
29/09/2020,18:13:31	-38.51002	145.15023	-12	0.0	3	2.2	174
29/09/2020,18:13:41	-38.51012	145.15019	-4	0.0	3	2.2	177
29/09/2020,18:13:51	-38.51004	145.15031	2	0.0	3	2.2	175
29/09/2020,18:14:01	-38.51013	145.15021	-84	0.0	3	2.2	179
29/09/2020,18:14:14	-38.50987	145.15010	-90	0.0	2	4.2	114
29/09/2020,18:15:30	-38.51004	145.15044	10	11.1	3	2.3	109
29/09/2020,18:17:21	-38.51008	145.15034	20	0.0	2	4.0	103
29/09/2020,18:17:35	-38.50991	145.15029	20	0.0	2	4.0	88
29/09/2020,18:18:41	-38.51006	145.15036	18	0.0	3	2.3	105
29/09/2020,18:24:45	-38.50995	145.15033	26	7.4	4	1.4	75
29/09/2020,18:26:31	-38.51012	145.15055	-42	0.0	4	1.4	87
29/09/2020,18:26:45	-38.51017	145.15034	-42	3.7	2	3.4	89
29/09/2020,18:31:48	-38.51009	145.15040	-6	0.0	3	2.1	87
29/09/2020,18:32:12	-38.51009	145.15022	22	0.0	3	2.1	76
29/09/2020,18:34:17	-38.51001	145.15029	20	0.0	2	3.4	78
29/09/2020,18:35:15	-38.50966	145.15011	22	3.7	2	5.1	57
30/09/2020,01:37:34	-38.50992	145.15030	6	0.0	5	1.2	166
30/09/2020,01:37:44	-38.51002	145.15035	12	0.0	3	3.4	157
30/09/2020,01:37:54	-38.50969	145.15021	0	0.0	3	4.4	132
30/09/2020,01:38:06	-38.50977	145.15033	-6	0.0	3	4.3	111
30/09/2020,01:38:16	-38.50996	145.15035	-2	0.0	3	4.3	112
30/09/2020,01:38:26	-38.51005	145.15027	12	0.0	3	4.3	134
30/09/2020,01:38:36	-38.50977	145.15037	-2	0.0	2	13.3	114
30/09/2020,01:38:45	-38.50995	145.15025	12	0.0	2	13.3	88
30/09/2020,01:38:55	-38.51031	145.15002	68	0.0	2	13.3	112
30/09/2020,01:39:05	-38.50947	145.15050	-28	0.0	2	13.4	84
30/09/2020,01:39:17	-38.50991	145.15036	-0	0.0	2	13.4	104
30/09/2020,01:39:27	-38.51011	145.15014	52	7.4	2	13.4	83
30/09/2020,01:39:37	-38.50993	145.15038	10	0.0	3	3.3	125
30/09/2020,01:39:46	-38.51055	145.14966	138	7.4	2	14.0	84
30/09/2020,01:39:57	-38.51035	145.14994	90	0.0	2	14.0	101
30/09/2020,01:40:07	-38.50950	145.15046	-44	3.7	2	14.1	101
30/09/2020,01:40:15	-38.50999	145.15039	6	0.0	2	14.1	104
30/09/2020,01:40:29	-38.50977	145.15026	6	3.7	3	4.1	101
30/09/2020,01:40:36	-38.50952	145.15032	-22	0.0	2	14.2	108
30/09/2020,01:40:46	-38.50989	145.15037	8	0.0	2	14.2	106
30/09/2020,01:40:56	-38.51053	145.15020	76	0.0	2	14.2	107
30/09/2020,01:41:05	-38.50988	145.15028	18	0.0	4	1.4	182
30/09/2020,01:41:16	-38.50994	145.15027	38	0.0	3	4.1	131
30/09/2020,01:41:25	-38.51019	145.15041	42	0.0	1	6.0	107
30/09/2020,01:41:36	-38.50997	145.15037	14	0.0	4	1.4	138
30/09/2020,01:41:46	-38.50981	145.15019	22	0.0	4	1.4	143
30/09/2020,01:41:55	-38.50992	145.15060	-12	0.0	4	1.4	141
30/09/2020,01:42:06	-38.50962	145.15006	36	3.7	4	3.2	200
30/09/2020,01:42:16	-38.50940	145.15013	112	3.7	2	5.4	227
30/09/2020,01:42:28	-38.50970	145.15016	112	0.0	2	2.1	144
30/09/2020,01:42:36	-38.50996	145.14998	-14	0.0	2	3.4	205
30/09/2020,01:42:45	-38.51001	145.14987	-28	0.0	3	3.0	217
30/09/2020,01:42:55	-38.50988	145.15012	54	0.0	3	2.3	152
30/09/2020,01:43:04	-38.50992	145.14998	30	0.0	3	2.3	124
30/09/2020,01:43:15	-38.50991	145.15003	46	0.0	3	2.3	130
30/09/2020,01:43:24	-38.50991	145.15014	30	0.0	3	1.4	147
30/09/2020,01:43:35	-38.51003	145.15020	8	0.0	3	2.3	148
30/09/2020,01:43:45	-38.50996	145.15001	40	0.0	2	2.4	161
30/09/2020,01:43:55	-38.50981	145.15004	96	0.0	3	2.3	171
30/09/2020,01:44:05	-38.51003	145.15004	-24	0.0	3	2.3	173
30/09/2020,01:44:15	-38.50986	145.15016	54	0.0	3	2.3	146
30/09/2020,01:44:25	-38.50969	145.15007	106	0.0	3	2.3	144
30/09/2020,01:44:35	-38.50970	145.15006	108	0.0	3	2.3	168
30/09/2020,01:44:45	-38.51003	145.15021	6	0.0	3	2.3	123
30/09/2020,01:44:56	-38.51014	145.15026	-26	0.0	2	5.1	150
30/09/2020,01:45:05	-38.50988	145.15005	56	0.0	3	2.3	170
30/09/2020,01:45:15	-38.50990	145.15023	58	0.0	2	2.2	136
30/09/2020,01:45:28	-38.50996	145.15010	50	3.7	3	3.4	135
30/09/2020,01:45:37	-38.51023	145.15002	-120	0.0	3	3.4	139
30/09/2020,01:45:48	-38.51002	145.15017	-14	0.0	4	2.0	161
30/09/2020,01:45:56	-38.51000	145.15018	-12	0.0	2	2.2	142
30/09/2020,01:46:06	-38.50999	145.15010	-12	0.0	2	2.2	159
30/09/2020,01:46:17	-38.51007	145.15010	-68	0.0	3	3.4	165
30/09/2020,01:46:26	-38.51013	145.15002	-66	0.0	2	2.2	161
30/09/2020,01:46:37	-38.51006	145.15004	-46	0.0	3	3.4	163
30/09/2020,01:46:48	-38.50994	145.15020	34	0.0	4	2.0	150
30/09/2020,01:46:55	-38.50996	145.15014	14	0.0	3	2.3	168
30/09/2020,01:47:05	-38.50993	145.15008	78	0.0	3	2.3	146
30/09/2020,01:47:14	-38.50994	145.15004	-28	0.0	3	2.3	147
30/09/2020,01:47:25	-38.50986	145.15014	92	0.0	3	2.3	149
30/09/2020,01:47:34	-38.50991	145.15016	78	0.0	3	1.4	149
30/09/2020,01:47:44	-38.50982	145.15014	122	0.0	3	2.3	118
30/09/2020,01:47:55	-38.51003	145.15005	-6	0.0	3	2.3	146
30/09/2020,01:48:05	-38.50994	145.15017	14	0.0	4	2.0	162
30/09/2020,01:48:15	-38.50995	145.15002	2	0.0	5	1.3	176
30/09/2020,01:48:26	-38.50985	145.14996	14	0.0	5	1.3	229
30/09/2020,01:48:35	-38.50973	145.14989	94	0.0	2	2.4	197
30/09/2020,01:48:46	-38.50977	145.15002	-0	0.0	3	2.0	210
30/09/2020,01:48:55	-38.50980	145.14996	76	0.0	2	2.4	172
30/09/2020,01:49:04	-38.50977	145.14997	42	0.0	3	2.2	141
30/09/2020,01:49:16	-38.50994	145.15001	12	0.0	3	2.1	189
30/09/2020,01:49:25	-38.50999	145.15005	-8	0.0	3	2.0	166
30/09/2020,01:49:35	-38.50993	145.15019	-36	0.0	2	4.3	112
30/09/2020,01:49:45	-38.50990	145.14991	36	0.0	3	2.0	159
30/09/2020,01:49:55	-38.50997	145.15010	8	0.0	3	2.0	155
30/09/2020,01:50:05	-38.51002	145.15018	8	0.0	3	2.0	139
30/09/2020,01:50:14	-38.50989	145.14994	8	0.0	3	2.0	136
30/09/2020,01:50:25	-38.50987	145.15001	-42	0.0	3	2.0	134
30/09/2020,01:50:35	-38.50997	145.15012	-10	0.0	3	2.0	154
30/09/2020,01:50:45	-38.50997	145.14989	36	0.0	3	2.0	158
30/09/2020,01:50:56	-38.50988	145.14997	20	0.0	4	1.4	183
30/09/2020,01:51:05	-38.50989	145.14997	4	0.0	3	2.0	163
30/09/2020,01:51:14	-38.51001	145.15005	-4	0.0	3	2.4	162
30/09/2020,01:51:24	-38.50992	145.14987	22	0.0	4	1.4	152
30/09/2020,01:51:35	-38.50985	145.14998	2	3.7	3	1.4	182
30/09/2020,01:51:45	-38.50993	145.14992	44	0.0	4	1.4	259
30/09/2020,01:51:56	-38.51002	145.15002	0	0.0	4	1.3	215
30/09/2020,01:52:05	-38.50994	145.15000	14	0.0	4	1.3	150
30/09/2020,01:52:15	-38.50989	145.15009	54	0.0	4	2.0	177
30/09/2020,01:52:25	-38.50988	145.14995	20	0.0	4	2.0	179
30/09/2020,01:52:35	-38.50991	145.14997	38	0.0	4	1.4	172
30/09/2020,01:52:45	-38.50996	145.15004	20	0.0	4	2.0	173
30/09/2020,01:52:54	-38.51013	145.14994	-8	0.0	3	1.4	153
30/09/2020,01:53:04	-38.50998	145.15002	30	0.0	3	2.2	173
30/09/2020,01:53:14	-38.50997	145.14999	20	0.0	3	2.2	151
30/09/2020,01:53:24	-38.51002	145.14993	-0	0.0	3	2.2	177
30/09/2020,01:53:34	-38.51004	145.15001	-10	0.0	4	2.0	180
30/09/2020,01:53:44	-38.50999	145.15013	38	0.0	3	2.2	177
30/09/2020,01:53:54	-38.51010	145.15000	-10	0.0	3	2.2	184
30/09/2020,01:54:04	-38.51002	145.15000	-14	0.0	3	2.2	181
30/09/2020,01:54:14	-38.50990	145.15021	98	0.0	3	2.2	179
30/09/2020,01:54:24	-38.50987	145.15009	46	0.0	3	2.2	203
30/09/2020,01:54:34	-38.50992	145.15002	-48	0.0	3	2.2	173
30/09/2020,01:54:45	-38.50995	145.15009	-12	0.0	5	1.3	182
30/09/2020,01:54:54	-38.51005	145.15016	8	0.0	3	1.4	176
30/09/2020,01:55:04	-38.51000	145.14999	34	0.0	3	2.2	173
30/09/2020,01:55:14	-38.50998	145.15009	44	0.0	3	2.2	175
30/09/2020,01:55:24	-38.50999	145.15000	0	0.0	3	2.2	171
30/09/2020,01:55:34	-38.50992	145.15005	88	0.0	3	2.2	177
30/09/2020,01:55:44	-38.51009	145.14995	-48	0.0	3	2.2	172
30/09/2020,01:55:54	-38.50981	145.14990	28	0.0	3	2.2	169
30/09/2020,01:56:05	-38.50995	145.15003	-6	0.0	4	1.4	199
30/09/2020,01:56:15	-38.50997	145.15003	30	0.0	5	1.3	174
30/09/2020,01:56:24	-38.51006	145.15017	40	0.0	3	1.4	174
30/09/2020,01:56:35	-38.51003	145.15002	10	0.0	5	1.3	202
30/09/2020,01:56:44	-38.51005	145.15008	-16	0.0	3	1.4	174
30/09/2020,01:56:55	-38.51010	145.15007	6	0.0	5	1.3	173
30/09/2020,01:57:04	-38.50997	145.15000	10	0.0	5	1.3	177
30/09/2020,01:57:14	-38.51008	145.15010	34	0.0	3	2.1	174
30/09/2020,01:57:25	-38.50990	145.15000	10	0.0	5	1.3	179
30/09/2020,01:57:34	-38.51008	145.15009	16	0.0	3	1.4	179
30/09/2020,01:57:44	-38.50991	145.14989	22	0.0	3	2.1	179
30/09/2020,01:57:54	-38.50984	145.15004	12	0.0	3	2.1	172
30/09/2020,01:58:04	-38.50992	145.14990	-34	0.0	3	2.1	175
30/09/2020,01:58:14	-38.50998	145.15008	-8	0.0	3	2.1	176
30/09/2020,01:58:24	-38.51005	145.15002	-72	0.0	3	2.1	175
30/09/2020,01:58:35	-38.51008	145.15008	-0	0.0	5	1.3	176
30/09/2020,01:58:45	-38.50999	145.15002	26	0.0	5	1.3	173
30/09/2020,01:58:55	-38.50994	145.15001	18	0.0	5	1.3	177
30/09/2020,01:59:04	-38.50998	145.15003	26	0.0	3	1.4	173
30/09/2020,01:59:15	-38.50996	145.15000	0	0.0	5	1.3	177
30/09/2020,01:59:25	-38.50992	145.14995	10	0.0	5	1.3	175
30/09/2020,01:59:34	-38.51001	145.14986	24	0.0	3	2.1	179
30/09/2020,01:59:44	-38.50988	145.15008	42	0.0	3	2.1	179
30/09/2020,01:59:54	-38.50988	145.14991	8	0.0	3	2.3	155
30/09/2020,02:00:05	-38.50996	145.14994	16	0.0	4	1.3	232
30/09/2020,02:00:15	-38.50995	145.14995	56	0.0	4	1.3	194
30/09/2020,02:00:24	-38.50993	145.15006	20	0.0	3	2.1	155
30/09/2020,02:00:35	-38.51007	145.15010	6	0.0	4	1.3	200
30/09/2020,02:00:44	-38.50992	145.14995	46	0.0	3	2.0	151
30/09/2020,02:00:55	-38.51004	145.15004	14	0.0	3	2.1	170
30/09/2020,02:01:06	-38.51002	145.15015	58	3.7	3	2.1	238
30/09/2020,02:01:15	-38.51010	145.15024	62	0.0	3	2.1	252
30/09/2020,02:01:25	-38.51005	145.15010	24	0.0	3	2.0	187
30/09/2020,02:01:33	-38.51027	145.15036	-4	0.0	3	2.0	121
30/09/2020,02:01:45	-38.51018	145.15013	44	0.0	3	2.0	226
30/09/2020,02:01:56	-38.51014	145.15016	-14	0.0	3	2.0	256
30/09/2020,02:02:05	-38.51027	145.15029	-2	0.0	3	3.3	212
30/09/2020,02:02:15	-38.51031	145.15018	14	3.7	3	2.3	146
30/09/2020,02:02:24	-38.51043	145.14997	8	3.7	3	2.1	158
30/09/2020,02:02:34	-38.51018	145.14988	16	3.7	3	2.1	157
30/09/2020,02:02:44	-38.51046	145.14987	22	3.7	3	2.1	189
30/09/2020,02:02:55	-38.51043	145.14963	4	3.7	3	2.1	195
30/09/2020,02:03:04	-38.51054	145.14952	-18	3.7	3	2.1	199
30/09/2020,02:03:14	-38.51048	145.14931	-22	7.4	3	2.2	161
30/09/2020,02:03:24	-38.51044	145.14921	-0	3.7	3	2.2	177
30/09/2020,02:03:35	-38.51041	145.14911	50	0.0	3	2.2	274
30/09/2020,02:03:44	-38.51037	145.14908	-6	3.7	4	1.3	200
30/09/2020,02:03:54	-38.51019	145.14900	22	3.7	4	1.3	161
30/09/2020,02:04:04	-38.51020	145.14921	10	3.7	4	1.3	162
30/09/2020,02:04:15	-38.51005	145.14922	8	3.7	3	2.0	201
30/09/2020,02:04:25	-38.50991	145.14922	0	3.7	3	2.0	220
30/09/2020,02:04:34	-38.50977	145.14948	76	11.1	3	2.1	154
30/09/2020,02:04:44	-38.50964	145.14919	-12	0.0	3	2.1	158
30/09/2020,02:04:53	-38.50960	145.14929	0	3.7	3	2.0	158
30/09/2020,02:05:04	-38.50942	145.14940	-4	3.7	3	2.0	154
30/09/2020,02:05:15	-38.50919	145.14932	10	3.7	2	7.2	253
30/09/2020,02:05:24	-38.50914	145.14933	32	3.7	3	2.0	187
30/09/2020,02:05:35	-38.50900	145.14932	2	3.7	3	2.0	246
30/09/2020,02:05:45	-38.50890	145.14922	0	3.7	2	2.2	181
30/09/2020,02:05:55	-38.50859	145.14941	80	3.7	2	7.4	265
30/09/2020,02:06:06	-38.50851	145.14934	82	3.7	3	2.1	275
30/09/2020,02:06:14	-38.50847	145.14932	34	0.0	3	2.1	177
30/09/2020,02:06:24	-38.50852	145.14926	14	0.0	3	2.0	257
30/09/2020,02:06:35	-38.50849	145.14911	48	3.7	3	2.1	202
30/09/2020,02:06:43	-38.50855	145.14910	34	14.8	3	2.1	153
30/09/2020,02:06:55	-38.50843	145.14889	12	0.0	3	2.0	243
30/09/2020,02:07:05	-38.50832	145.14883	10	3.7	3	2.1	147
30/09/2020,02:07:15	-38.50825	145.14867	-24	3.7	4	1.3	153
30/09/2020,02:07:25	-38.50823	145.14871	2	0.0	3	2.0	167
30/09/2020,02:07:35	-38.50837	145.14859	38	3.7	4	1.3	195
30/09/2020,02:07:44	-38.50824	145.14832	24	3.7	4	1.3	155
30/09/2020,02:07:56	-38.50820	145.14844	30	3.7	2	3.0	80
30/09/2020,02:10:18	-38.50679	145.14819	18	0.0	4	1.3	259
30/09/2020,02:10:23	-38.50673	145.14825	8	0.0	3	1.4	224
30/09/2020,02:10:34	-38.50672	145.14816	-4	0.0	3	2.1	134
30/09/2020,02:10:44	-38.50658	145.14822	102	3.7	3	2.1	134
