06/10/2020,17:14:33	-38.50999	145.15019	6	0.0	4	2.1	178
06/10/2020,17:15:02	-38.50998	145.15018	12	0.0	3	4.0	133
06/10/2020,17:16:02	-38.51010	145.15015	8	0.0	3	4.0	138
06/10/2020,17:17:04	-38.51011	145.15018	0	0.0	3	3.4	151
06/10/2020,17:18:09	-38.51000	145.15011	-2	3.7	3	2.2	137
06/10/2020,17:19:11	-38.50999	145.15023	12	0.0	3	2.2	127
06/10/2020,17:20:04	-38.50982	145.15031	32	0.0	4	2.1	167
06/10/2020,17:21:06	-38.50987	145.15026	16	3.7	3	3.3	132
06/10/2020,17:22:03	-38.50994	145.15020	2	0.0	3	3.3	160
06/10/2020,17:23:02	-38.50987	145.15028	18	11.1	3	3.3	163
06/10/2020,17:24:02	-38.51012	145.15012	-10	0.0	3	2.1	160
06/10/2020,17:25:04	-38.51007	145.15008	0	0.0	3	3.2	179
06/10/2020,17:26:08	-38.50986	145.15031	16	0.0	4	2.0	148
06/10/2020,17:27:22	-38.50994	145.15020	0	0.0	4	2.0	139
06/10/2020,17:28:06	-38.50998	145.15021	-12	3.7	3	2.1	144
06/10/2020,17:29:11	-38.50985	145.15021	12	14.8	3	3.4	148
06/10/2020,17:30:32	-38.50984	145.15033	22	0.0	4	2.0	158
06/10/2020,17:31:02	-38.50983	145.14974	78	3.7	3	3.4	139
06/10/2020,17:32:02	-38.50988	145.15023	4	0.0	3	3.4	168
06/10/2020,17:33:02	-38.50999	145.15035	-2	0.0	3	3.4	150
06/10/2020,17:34:12	-38.50982	145.15023	38	11.1	3	3.4	139
06/10/2020,17:35:12	-38.50997	145.15030	26	0.0	3	2.4	164
06/10/2020,17:36:05	-38.50991	145.15010	26	0.0	3	3.4	161
06/10/2020,17:37:13	-38.50981	145.15038	16	3.7	3	3.4	156
06/10/2020,17:38:13	-38.50994	145.15013	6	0.0	4	1.4	179
06/10/2020,17:39:04	-38.50989	145.15005	24	0.0	3	3.4	197
06/10/2020,17:40:07	-38.50995	145.15008	28	3.7	2	3.1	124
06/10/2020,17:41:06	-38.50991	145.15004	28	0.0	2	3.0	151
06/10/2020,17:42:51	-38.50987	145.15018	2	0.0	3	2.3	165
06/10/2020,17:43:03	-38.51000	145.15046	-4	0.0	2	3.0	169
06/10/2020,17:44:06	-38.51007	145.15004	-0	0.0	4	1.4	161
06/10/2020,17:45:43	-38.50988	145.15003	36	0.0	3	3.3	128
06/10/2020,17:46:17	-38.50987	145.14991	34	0.0	2	2.4	123
06/10/2020,17:47:09	-38.50992	145.15018	-14	0.0	3	2.2	164
06/10/2020,17:48:31	-38.50997	145.15016	2	0.0	3	2.4	129
06/10/2020,17:49:25	-38.50994	145.15035	-6	0.0	4	1.4	154
06/10/2020,17:50:04	-38.50995	145.15056	4	0.0	3	4.2	178
06/10/2020,17:51:06	-38.51001	145.15042	-8	3.7	3	3.3	187
06/10/2020,17:52:12	-38.50985	145.15017	8	3.7	4	1.4	155
06/10/2020,17:53:11	-38.51000	145.15014	-2	3.7	3	4.1	133
06/10/2020,17:54:08	-38.51022	145.15038	40	0.0	3	4.1	114
06/10/2020,17:55:06	-38.51003	145.15056	-28	0.0	3	4.1	160
06/10/2020,17:56:09	-38.51005	145.15010	-8	0.0	3	3.4	111
06/10/2020,17:57:10	-38.50996	145.15026	4	3.7	4	1.4	130
06/10/2020,17:58:07	-38.51017	145.15040	-36	3.7	4	3.0	134
06/10/2020,17:59:07	-38.50987	145.15016	12	3.7	4	3.0	135
06/10/2020,18:00:08	-38.50984	145.15042	8	0.0	3	4.1	115
06/10/2020,18:01:15	-38.51031	145.15075	-60	11.1	3	8.0	112
06/10/2020,18:02:18	-38.51012	145.15030	4	40.7	3	8.1	107
06/10/2020,18:03:36	-38.50996	145.15027	-0	0.0	5	1.3	148
06/10/2020,18:04:04	-38.50997	145.15053	8	0.0	4	3.1	150
06/10/2020,18:05:07	-38.50986	145.15001	30	0.0	4	3.1	136
06/10/2020,18:06:11	-38.50991	145.15002	48	0.0	4	3.1	176
06/10/2020,18:07:31	-38.50999	145.15026	8	0.0	5	1.2	204
06/10/2020,18:08:02	-38.50988	145.15029	38	0.0	3	2.2	152
06/10/2020,18:09:03	-38.50999	145.15025	4	0.0	4	1.4	180
06/10/2020,18:10:03	-38.51010	145.15018	20	0.0	4	1.2	193
06/10/2020,18:11:02	-38.51018	145.15022	22	0.0	3	1.4	154
06/10/2020,18:12:02	-38.51027	145.15032	16	0.0	3	1.4	124
06/10/2020,18:13:02	-38.51054	145.14994	-82	0.0	3	2.3	148
06/10/2020,18:14:03	-38.51018	145.15036	28	0.0	4	1.3	201
06/10/2020,18:15:02	-38.51030	145.15018	-38	0.0	3	2.1	183
06/10/2020,18:16:03	-38.50978	145.15031	-56	7.4	3	4.0	176
06/10/2020,18:17:07	-38.51008	145.15011	38	0.0	4	1.3	143
06/10/2020,18:18:03	-38.51014	145.15023	28	0.0	3	1.3	128
06/10/2020,18:19:05	-38.51029	145.15026	-0	0.0	4	1.4	205
06/10/2020,18:20:05	-38.51033	145.15033	-4	0.0	4	1.4	174
06/10/2020,18:21:04	-38.51029	145.15032	-2	0.0	3	2.1	204
06/10/2020,18:23:05	-38.51125	145.15179	-78	3.7	5	1.2	57
06/10/2020,18:40:52	-38.51894	145.16591	2	0.0	5	1.1	221
06/10/2020,18:41:09	-38.51907	145.16590	2	0.0	5	1.1	225
06/10/2020,20:37:21	-38.60254	145.18697	6	0.0	5	1.3	220
06/10/2020,20:38:03	-38.60265	145.18678	-0	0.0	4	1.3	225
06/10/2020,20:39:03	-38.60299	145.18655	-6	0.0	4	1.4	191
06/10/2020,20:40:21	-38.60318	145.18670	0	0.0	5	1.3	227
06/10/2020,20:41:07	-38.60341	145.18662	10	0.0	4	2.1	168
06/10/2020,20:42:04	-38.60367	145.18644	-2	0.0	5	1.3	225
06/10/2020,20:43:18	-38.60393	145.18653	8	0.0	5	1.3	224
06/10/2020,20:44:04	-38.60412	145.18632	-6	0.0	4	2.1	186
06/10/2020,20:45:03	-38.60404	145.18622	-30	0.0	3	15.2	212
06/10/2020,20:46:12	-38.60451	145.18633	4	0.0	5	1.4	215
06/10/2020,20:47:04	-38.60472	145.18635	22	0.0	4	1.4	198
06/10/2020,20:48:16	-38.60514	145.18621	2	0.0	5	1.4	227
06/10/2020,20:49:04	-38.60543	145.18619	6	3.7	4	1.4	231
06/10/2020,20:50:03	-38.60553	145.18634	16	0.0	4	1.4	181
06/10/2020,20:51:12	-38.60585	145.18606	8	0.0	4	1.4	161
06/10/2020,20:52:12	-38.60612	145.18595	2	0.0	4	1.4	221
06/10/2020,20:53:17	-38.60641	145.18594	-2	3.7	5	1.4	211
06/10/2020,20:54:03	-38.60668	145.18597	-4	0.0	4	2.2	142
06/10/2020,23:10:11	-38.69952	145.20364	12	0.0	3	2.0	273
06/10/2020,23:11:05	-38.69952	145.20348	6	0.0	2	2.2	183
06/10/2020,23:12:05	-38.69953	145.20358	8	0.0	3	2.0	190
06/10/2020,23:13:06	-38.69954	145.20348	-12	0.0	3	2.0	171
06/10/2020,23:14:05	-38.69961	145.20341	-2	7.4	3	2.0	173
06/10/2020,23:15:06	-38.69978	145.20336	-2	0.0	3	2.0	160
06/10/2020,23:16:05	-38.69991	145.20329	-2	0.0	2	2.1	188
06/10/2020,23:17:05	-38.69998	145.20324	-0	0.0	2	2.1	182
06/10/2020,23:18:21	-38.70014	145.20313	-0	0.0	3	2.0	239
06/10/2020,23:19:08	-38.70027	145.20305	-4	0.0	3	2.0	214
06/10/2020,23:20:05	-38.70042	145.20311	6	0.0	3	2.0	221
06/10/2020,23:21:28	-38.70077	145.20335	4	0.0	3	2.0	236
06/10/2020,23:22:04	-38.70085	145.20339	2	0.0	2	2.0	203
06/10/2020,23:33:51	-38.70716	145.20578	2	0.0	3	1.2	205
06/10/2020,23:49:55	-38.71571	145.21093	-12	0.0	3	1.1	171
07/10/2020,00:00:09	-38.72149	145.21280	-8	0.0	3	1.1	223
07/10/2020,00:01:38	-38.72174	145.21348	-0	0.0	3	1.1	201
07/10/2020,00:28:26	-38.73687	145.21362	4	0.0	3	1.1	252
07/10/2020,00:29:33	-38.73744	145.21335	-2	0.0	3	1.1	255
07/10/2020,00:36:24	-38.74020	145.21257	0	0.0	3	1.1	240
07/10/2020,00:37:12	-38.74017	145.21258	6	3.7	3	1.1	253
07/10/2020,00:38:05	-38.74019	145.21247	2	0.0	3	1.1	242
07/10/2020,00:39:23	-38.74028	145.21243	0	0.0	3	1.1	261
07/10/2020,00:40:07	-38.74032	145.21240	2	3.7	3	1.1	243
07/10/2020,00:41:21	-38.74037	145.21234	-0	0.0	3	1.1	277
07/10/2020,00:42:07	-38.74034	145.21229	4	0.0	3	1.1	250
07/10/2020,00:43:31	-38.74060	145.21212	18	7.4	3	1.1	254
07/10/2020,00:44:06	-38.74042	145.21209	16	3.7	3	1.1	232
07/10/2020,00:45:31	-38.74060	145.21202	-2	0.0	4	1.1	278
07/10/2020,00:46:04	-38.74060	145.21193	2	0.0	4	1.1	262
07/10/2020,00:47:03	-38.74084	145.21184	-20	0.0	3	1.4	234
07/10/2020,00:48:05	-38.74092	145.21180	-8	0.0	3	1.4	230
07/10/2020,00:49:05	-38.74099	145.21165	6	0.0	3	1.4	259
07/10/2020,00:50:03	-38.74105	145.21159	10	3.7	3	1.4	213
07/10/2020,00:51:04	-38.74108	145.21150	12	0.0	3	1.4	237
07/10/2020,00:52:05	-38.74117	145.21127	-6	0.0	4	1.1	232
07/10/2020,00:53:06	-38.74127	145.21127	8	0.0	3	1.4	230
07/10/2020,00:54:04	-38.74119	145.21128	10	0.0	2	2.1	239
07/10/2020,00:55:09	-38.74132	145.21116	-2	0.0	4	1.1	209
07/10/2020,00:56:07	-38.74136	145.21084	-10	0.0	3	1.4	238
07/10/2020,00:57:08	-38.74150	145.21083	-10	7.4	3	2.0	164
07/10/2020,00:58:20	-38.74155	145.21083	4	0.0	3	2.0	247
07/10/2020,00:59:22	-38.74170	145.21057	-26	0.0	3	2.0	213
07/10/2020,01:00:41	-38.74182	145.21077	8	0.0	3	2.0	260
07/10/2020,01:01:04	-38.74188	145.21088	16	3.7	2	2.1	178
07/10/2020,01:02:10	-38.74256	145.21073	-6	0.0	3	2.0	235
07/10/2020,01:19:18	-38.74850	145.21263	-2	0.0	3	3.2	203
07/10/2020,01:20:51	-38.74893	145.21328	0	3.7	3	3.3	174
07/10/2020,01:21:04	-38.74889	145.21358	32	0.0	3	3.3	171
07/10/2020,01:23:01	-38.74957	145.21412	0	3.7	3	3.4	229
07/10/2020,01:24:05	-38.74995	145.21484	40	0.0	3	3.4	175
07/10/2020,01:26:05	-38.75057	145.21500	-40	0.0	3	4.0	152
07/10/2020,01:48:01	-38.75060	145.20899	-0	0.0	5	1.1	187
07/10/2020,01:49:19	-38.75002	145.20905	8	0.0	5	1.1	144
07/10/2020,01:50:03	-38.74989	145.20890	6	0.0	4	1.2	163
07/10/2020,01:51:10	-38.74919	145.20889	0	3.7	4	1.2	186
07/10/2020,02:07:30	-38.74437	145.21534	-6	0.0	4	1.2	206
07/10/2020,02:13:26	-38.74216	145.21757	12	0.0	4	1.2	228
07/10/2020,02:14:41	-38.74163	145.21836	-12	0.0	4	1.2	235
07/10/2020,02:45:56	-38.73665	145.23257	10	0.0	3	7.1	204
07/10/2020,02:46:03	-38.73629	145.23275	-18	0.0	3	7.1	172
07/10/2020,02:47:42	-38.73662	145.23283	10	0.0	3	7.2	200
07/10/2020,02:48:32	-38.73642	145.23302	0	0.0	4	2.1	175
07/10/2020,02:49:17	-38.73658	145.23318	8	0.0	4	2.1	169
07/10/2020,02:50:03	-38.73648	145.23333	8	0.0	4	2.1	170
07/10/2020,02:51:28	-38.73673	145.23370	14	3.7	4	2.1	162
07/10/2020,02:52:03	-38.73684	145.23387	12	0.0	4	2.1	170
07/10/2020,02:53:02	-38.73680	145.23446	-0	0.0	3	2.1	148
07/10/2020,02:54:03	-38.73694	145.23461	-8	0.0	4	2.0	180
07/10/2020,02:55:04	-38.73677	145.23445	10	0.0	4	2.0	174
07/10/2020,02:56:03	-38.73694	145.23463	12	0.0	3	7.3	173
07/10/2020,02:57:03	-38.73674	145.23477	0	0.0	4	2.0	169
07/10/2020,02:58:03	-38.73634	145.23488	-10	0.0	3	7.3	174
07/10/2020,02:59:02	-38.73630	145.23479	2	0.0	4	2.0	175
07/10/2020,03:00:03	-38.73635	145.23479	6	0.0	4	2.0	172
07/10/2020,03:01:03	-38.73609	145.23477	0	3.7	3	7.3	126
07/10/2020,03:02:02	-38.73600	145.23479	0	0.0	4	2.0	178
07/10/2020,03:03:04	-38.73588	145.23485	-4	0.0	4	2.0	185
07/10/2020,03:04:04	-38.73591	145.23465	-2	0.0	4	1.4	186
07/10/2020,03:05:02	-38.73576	145.23460	0	0.0	4	1.4	145
07/10/2020,03:06:03	-38.73573	145.23456	14	0.0	4	1.4	174
07/10/2020,03:07:02	-38.73544	145.23461	6	0.0	4	1.4	179
07/10/2020,03:08:03	-38.73535	145.23462	12	0.0	4	1.4	195
07/10/2020,03:09:03	-38.73518	145.23465	10	3.7	3	1.4	164
07/10/2020,03:10:05	-38.73501	145.23470	2	0.0	4	1.4	167
07/10/2020,03:11:03	-38.73513	145.23468	6	0.0	3	7.1	170
07/10/2020,03:12:03	-38.73478	145.23487	0	0.0	4	1.4	191
07/10/2020,03:13:29	-38.73455	145.23478	0	0.0	4	2.0	195
07/10/2020,03:55:19	-38.74042	145.24551	-4	0.0	4	4.1	177
07/10/2020,09:15:28	-38.51193	145.15476	16	0.0	3	1.1	251
07/10/2020,09:16:21	-38.51177	145.15473	20	0.0	3	1.1	165
07/10/2020,09:17:44	-38.51141	145.15422	0	0.0	3	1.1	166
07/10/2020,09:18:08	-38.51133	145.15402	22	0.0	3	1.1	172
07/10/2020,09:25:40	-38.51005	145.15066	-0	7.4	4	1.2	149
07/10/2020,09:26:06	-38.51004	145.15073	2	0.0	3	2.1	194
07/10/2020,09:27:05	-38.51012	145.15123	42	0.0	3	11.3	216
07/10/2020,09:28:03	-38.51011	145.15085	2	0.0	3	1.3	205
07/10/2020,09:29:43	-38.51006	145.15071	0	0.0	4	1.2	148
07/10/2020,09:30:06	-38.51013	145.15130	36	0.0	3	10.4	145
07/10/2020,09:31:09	-38.51002	145.14891	-118	7.4	3	10.3	139
07/10/2020,09:32:06	-38.51017	145.15090	6	0.0	3	10.3	170
07/10/2020,09:33:06	-38.51003	145.15071	-0	0.0	4	1.2	194
07/10/2020,09:34:05	-38.51010	145.15118	50	0.0	3	10.1	217
07/10/2020,09:35:10	-38.51011	145.15119	38	3.7	3	10.1	159
07/10/2020,09:36:05	-38.51002	145.15076	12	0.0	4	1.2	176
07/10/2020,09:37:05	-38.51008	145.15079	4	0.0	3	2.1	172
07/10/2020,09:38:06	-38.51015	145.15142	50	0.0	3	9.4	149
07/10/2020,09:39:05	-38.51001	145.14993	-62	3.7	3	9.4	152
07/10/2020,09:40:04	-38.51008	145.15088	32	0.0	3	2.1	200
07/10/2020,09:41:10	-38.50989	145.15076	-12	0.0	3	2.2	170
07/10/2020,09:42:06	-38.50996	145.15078	12	0.0	3	2.2	157
07/10/2020,09:43:11	-38.50992	145.15074	2	0.0	3	1.3	111
07/10/2020,09:44:07	-38.51008	145.15079	18	0.0	3	1.3	182
07/10/2020,09:45:05	-38.50997	145.15035	-8	3.7	3	9.3	217
07/10/2020,09:46:07	-38.51012	145.15083	32	0.0	4	1.3	216
07/10/2020,09:47:05	-38.50999	145.15071	10	0.0	4	1.3	227
07/10/2020,09:48:03	-38.50985	145.15070	-2	0.0	3	2.2	237
07/10/2020,09:49:04	-38.50997	145.15072	10	0.0	4	1.4	316
07/10/2020,09:50:05	-38.50999	145.15042	6	0.0	4	2.0	247
07/10/2020,09:51:06	-38.50981	145.15058	-4	0.0	3	1.3	222
07/10/2020,09:52:05	-38.50997	145.15050	30	0.0	3	1.3	247
07/10/2020,09:53:06	-38.51000	145.15074	18	0.0	3	1.3	211
07/10/2020,09:54:06	-38.50994	145.15055	22	0.0	3	1.4	216
07/10/2020,09:55:07	-38.51005	145.15079	34	0.0	2	4.0	219
07/10/2020,09:56:15	-38.50996	145.15066	18	0.0	5	1.0	266
07/10/2020,09:57:12	-38.50988	145.15061	4	7.4	4	1.4	108
07/10/2020,09:58:06	-38.50990	145.15042	6	0.0	3	3.0	235
07/10/2020,09:59:06	-38.51012	145.15038	6	0.0	3	2.1	236
07/10/2020,10:00:06	-38.51012	145.15037	18	0.0	4	2.0	249
07/10/2020,13:37:53	-38.50995	145.15018	10	0.0	3	2.2	125
07/10/2020,17:48:07	-38.50995	145.15020	-4	0.0	3	2.0	116
07/10/2020,17:49:42	-38.50991	145.15022	22	0.0	3	2.0	124
07/10/2020,17:50:08	-38.50991	145.15021	8	0.0	3	2.0	134
07/10/2020,17:51:19	-38.50989	145.15027	2	0.0	3	2.0	132
07/10/2020,17:52:08	-38.50992	145.15034	4	0.0	3	2.0	119
07/10/2020,17:53:13	-38.50992	145.15026	18	0.0	3	2.0	130
07/10/2020,17:54:08	-38.50988	145.15026	20	3.7	3	2.0	116
07/10/2020,18:01:45	-38.50995	145.15020	18	0.0	3	2.1	109
07/10/2020,18:02:07	-38.50980	145.15009	12	0.0	2	3.2	92
07/10/2020,18:03:33	-38.50996	145.15023	6	0.0	3	2.1	140
07/10/2020,18:04:04	-38.50980	145.15044	62	0.0	3	2.1	180
07/10/2020,18:05:11	-38.51001	145.15021	6	3.7	3	2.1	164
07/10/2020,18:06:06	-38.50995	145.15017	26	0.0	3	2.1	182
07/10/2020,18:07:07	-38.50996	145.15041	22	0.0	2	1.4	136
07/10/2020,18:08:06	-38.51011	145.15006	-38	0.0	3	2.1	195
07/10/2020,18:09:06	-38.50996	145.15025	32	0.0	3	2.1	168
07/10/2020,18:10:11	-38.51005	145.15018	34	3.7	3	2.1	159
07/10/2020,18:11:10	-38.51015	145.15003	-22	0.0	3	2.1	171
07/10/2020,18:12:05	-38.50997	145.15027	8	0.0	3	2.1	193
07/10/2020,18:13:09	-38.51015	145.15025	30	0.0	3	2.1	187
07/10/2020,18:14:05	-38.51011	145.15014	-16	0.0	3	2.1	175
07/10/2020,18:15:13	-38.50993	145.15022	28	3.7	3	2.1	173
07/10/2020,18:16:06	-38.50999	145.15025	6	3.7	3	2.1	196
07/10/2020,18:17:06	-38.51013	145.15030	8	0.0	3	2.1	140
07/10/2020,18:18:10	-38.51008	145.15030	14	3.7	3	2.1	139
07/10/2020,18:19:07	-38.51014	145.15025	-4	0.0	3	2.1	206
07/10/2020,18:20:06	-38.51027	145.15033	0	0.0	3	2.1	157
07/10/2020,18:21:08	-38.51014	145.15033	42	0.0	3	2.1	143
07/10/2020,18:22:04	-38.51042	145.15011	-18	0.0	3	2.1	177
07/10/2020,18:23:04	-38.51040	145.15012	-16	0.0	3	2.1	124
07/10/2020,18:24:05	-38.51038	145.15025	2	0.0	3	2.1	167
07/10/2020,18:25:04	-38.51042	145.15021	-18	0.0	3	2.1	149
07/10/2020,18:26:07	-38.51031	145.15025	10	0.0	3	2.1	217
07/10/2020,18:27:05	-38.51034	145.15012	-8	0.0	3	2.1	199
07/10/2020,18:28:06	-38.51030	145.15021	-10	0.0	3	2.1	183
07/10/2020,18:29:06	-38.51038	145.15030	-22	0.0	3	2.1	167
07/10/2020,18:30:09	-38.51044	145.15032	22	0.0	3	2.1	201
07/10/2020,18:31:06	-38.51026	145.15031	16	0.0	3	2.1	189
07/10/2020,18:32:04	-38.51024	145.15021	2	0.0	3	2.1	189
07/10/2020,18:33:04	-38.51019	145.15048	20	0.0	3	2.1	203
07/10/2020,18:34:07	-38.51029	145.15026	4	0.0	3	2.1	168
07/10/2020,19:15:34	-38.52407	145.18387	8	0.0	3	2.3	256
07/10/2020,19:16:11	-38.52417	145.18386	-8	0.0	3	2.3	260
07/10/2020,19:17:29	-38.52458	145.18416	2	0.0	3	2.3	189
07/10/2020,19:18:50	-38.52492	145.18464	2	3.7	2	2.2	165
07/10/2020,19:19:38	-38.52521	145.18503	6	7.4	3	2.3	239
07/10/2020,19:21:48	-38.52613	145.18535	10	3.7	2	2.3	178
07/10/2020,19:22:32	-38.52632	145.18526	-2	0.0	3	2.3	263
07/10/2020,19:23:36	-38.52658	145.18538	-4	0.0	3	2.3	266
07/10/2020,19:24:06	-38.52665	145.18530	-2	0.0	2	2.3	257
07/10/2020,19:25:07	-38.52687	145.18550	-4	0.0	2	2.3	255
07/10/2020,19:26:11	-38.52704	145.18563	4	3.7	3	2.4	260
07/10/2020,19:27:12	-38.52731	145.18555	-4	7.4	3	2.4	263
07/10/2020,19:28:12	-38.52740	145.18572	-0	7.4	3	2.4	257
07/10/2020,19:36:22	-38.52932	145.18617	2	0.0	4	1.4	258
07/10/2020,19:37:04	-38.52958	145.18628	-8	0.0	3	1.4	232
07/10/2020,19:38:12	-38.52965	145.18627	-4	3.7	4	1.4	236
07/10/2020,19:39:08	-38.52996	145.18624	-4	0.0	3	1.4	231
07/10/2020,19:40:05	-38.53013	145.18644	20	0.0	3	1.4	223
07/10/2020,19:41:04	-38.53023	145.18642	-4	0.0	3	1.4	228
07/10/2020,19:42:05	-38.53041	145.18647	-2	0.0	3	1.4	199
07/10/2020,19:43:23	-38.53084	145.18665	4	0.0	3	1.4	197
07/10/2020,22:35:08	-38.61938	145.29217	4	0.0	3	3.3	252
07/10/2020,22:36:05	-38.61979	145.29274	-12	0.0	3	3.3	225
07/10/2020,22:37:05	-38.62012	145.29309	-16	0.0	3	3.3	224
07/10/2020,22:38:05	-38.62011	145.29316	-30	0.0	2	3.0	203
07/10/2020,22:39:06	-38.62044	145.29331	-0	0.0	3	3.3	243
07/10/2020,22:41:33	-38.62161	145.29444	6	0.0	3	3.3	132
07/10/2020,22:43:04	-38.62241	145.29520	6	3.7	3	3.3	269
07/10/2020,22:44:27	-38.62307	145.29590	-0	0.0	3	3.3	282
07/10/2020,22:45:46	-38.62382	145.29652	-16	3.7	3	3.2	270
07/10/2020,22:46:05	-38.62399	145.29669	-10	3.7	3	3.2	278
07/10/2020,22:47:55	-38.62490	145.29758	2	3.7	3	3.2	288
07/10/2020,22:49:14	-38.62555	145.29860	-14	3.7	3	3.2	273
07/10/2020,22:50:58	-38.62610	145.29949	16	3.7	3	3.2	275
08/10/2020,00:48:57	-38.70136	145.33698	6	0.0	5	1.2	298
08/10/2020,00:49:03	-38.70138	145.33703	12	0.0	4	1.4	258
08/10/2020,00:50:04	-38.70163	145.33732	10	0.0	4	1.4	247
08/10/2020,00:51:04	-38.70171	145.33773	42	0.0	3	2.0	324
08/10/2020,00:52:05	-38.70207	145.33799	-20	0.0	5	1.2	291
08/10/2020,00:53:03	-38.70207	145.33827	34	0.0	3	2.1	236
08/10/2020,00:54:23	-38.70237	145.33861	4	0.0	4	2.0	303
08/10/2020,00:55:04	-38.70265	145.33867	-40	0.0	4	2.0	246
08/10/2020,00:56:04	-38.70271	145.33894	42	0.0	3	2.1	272
08/10/2020,00:57:07	-38.70327	145.33891	12	0.0	4	2.0	241
08/10/2020,00:58:04	-38.70365	145.33856	28	0.0	4	2.0	274
08/10/2020,01:00:04	-38.70470	145.33859	-8	3.7	3	2.1	272
08/10/2020,01:01:29	-38.70541	145.33877	60	0.0	3	2.1	251
08/10/2020,01:03:28	-38.70635	145.33865	18	0.0	4	2.0	259
08/10/2020,01:04:32	-38.70691	145.33865	-6	0.0	3	2.1	292
08/10/2020,01:16:31	-38.71289	145.33827	-76	0.0	3	2.2	231
08/10/2020,10:07:06	-38.51031	145.15046	2	0.0	5	2.2	254
08/10/2020,11:00:19	-38.50994	145.15030	38	0.0	4	2.3	234
08/10/2020,12:21:33	-38.50993	145.15020	10	0.0	4	3.1	173
09/10/2020,03:11:35	-38.51009	145.14998	12	0.0	3	1.4	193
09/10/2020,03:12:37	-38.51039	145.14988	-0	0.0	3	1.4	219
09/10/2020,03:13:18	-38.50987	145.15010	8	0.0	3	1.4	196
09/10/2020,03:14:10	-38.51014	145.15000	0	0.0	3	1.4	148
09/10/2020,03:15:08	-38.51034	145.15032	-0	0.0	2	2.1	260
09/10/2020,03:16:06	-38.51023	145.15025	26	0.0	3	1.4	290
09/10/2020,03:17:07	-38.51021	145.15031	20	0.0	2	2.2	307
09/10/2020,03:18:08	-38.51017	145.15027	20	0.0	3	1.4	298
09/10/2020,03:19:09	-38.51014	145.15033	14	0.0	3	1.4	258
09/10/2020,03:20:09	-38.51018	145.15019	14	0.0	2	2.1	262
09/10/2020,03:21:09	-38.51013	145.15022	26	0.0	3	1.4	281
09/10/2020,03:22:08	-38.51010	145.15032	8	0.0	3	1.4	290
09/10/2020,03:23:09	-38.51048	145.14965	14	3.7	3	1.4	231
09/10/2020,03:24:16	-38.51016	145.14909	22	0.0	3	1.4	256
09/10/2020,03:25:09	-38.50969	145.14903	22	0.0	3	1.4	254
09/10/2020,03:26:10	-38.50997	145.14904	24	0.0	2	2.1	208
09/10/2020,03:27:08	-38.50991	145.14906	2	0.0	3	1.4	205
09/10/2020,03:28:09	-38.50975	145.14906	2	0.0	2	2.1	210
09/10/2020,03:29:09	-38.51007	145.14904	-0	0.0	2	2.0	211
09/10/2020,03:30:10	-38.50974	145.14899	22	0.0	3	2.0	222
09/10/2020,03:31:10	-38.51001	145.14897	22	0.0	2	2.0	180
09/10/2020,03:32:13	-38.50947	145.14849	8	3.7	3	2.0	239
09/10/2020,03:33:11	-38.50928	145.14762	12	3.7	3	2.0	199
09/10/2020,03:34:10	-38.50928	145.14763	32	0.0	3	2.0	200
09/10/2020,03:35:10	-38.50608	145.14686	26	48.2	2	2.3	214
09/10/2020,03:36:25	-38.50645	145.14809	-2	3.7	3	2.0	201
09/10/2020,03:37:10	-38.50661	145.14808	10	3.7	3	2.0	220
