12/10/2020,17:19:06	-38.51003	145.15033	-2	3.7	3	3.4	121
12/10/2020,17:20:05	-38.51002	145.15037	-6	0.0	3	3.4	133
12/10/2020,17:21:05	-38.51004	145.15045	-6	0.0	2	3.3	133
12/10/2020,17:22:05	-38.51000	145.15033	-10	0.0	2	3.3	132
12/10/2020,17:23:29	-38.51003	145.15043	-20	0.0	3	3.4	182
12/10/2020,17:24:04	-38.51001	145.15039	-20	0.0	2	3.2	154
12/10/2020,17:25:05	-38.50999	145.15048	-30	0.0	2	3.2	162
12/10/2020,17:26:04	-38.50995	145.15017	14	3.7	3	3.4	197
12/10/2020,17:27:05	-38.51001	145.15019	20	0.0	2	3.2	107
12/10/2020,17:28:07	-38.50999	145.15018	18	0.0	2	3.2	116
12/10/2020,18:01:41	-38.51000	145.15022	12	0.0	4	2.0	192
12/10/2020,18:02:03	-38.51001	145.15016	10	0.0	4	2.0	170
12/10/2020,18:03:06	-38.50994	145.15013	14	0.0	4	2.0	181
12/10/2020,18:04:02	-38.50998	145.15025	6	0.0	3	2.1	151
12/10/2020,18:05:03	-38.51004	145.15030	8	0.0	4	2.0	151
12/10/2020,18:06:02	-38.51002	145.15026	8	0.0	4	2.0	150
12/10/2020,18:07:06	-38.51002	145.15022	10	0.0	4	2.0	163
12/10/2020,18:08:04	-38.51008	145.15026	-0	0.0	4	2.0	171
12/10/2020,18:09:04	-38.51010	145.15031	12	0.0	4	2.0	173
12/10/2020,18:10:04	-38.51036	145.15067	6	0.0	3	10.1	140
12/10/2020,18:11:03	-38.51019	145.15053	36	0.0	3	10.1	141
12/10/2020,18:12:05	-38.50997	145.15019	16	0.0	4	2.0	168
12/10/2020,18:13:05	-38.51009	145.15024	8	0.0	3	4.1	130
12/10/2020,18:14:06	-38.50969	145.14992	14	18.5	3	10.2	120
12/10/2020,18:15:07	-38.50978	145.15002	-2	14.8	3	10.2	138
12/10/2020,18:16:06	-38.50989	145.14993	0	3.7	3	10.3	166
12/10/2020,18:17:07	-38.51008	145.15007	24	11.1	3	14.4	108
12/10/2020,18:18:21	-38.51017	145.15020	14	0.0	4	2.0	157
12/10/2020,18:19:04	-38.51048	145.15036	-8	0.0	4	2.0	165
12/10/2020,18:20:04	-38.51038	145.15048	4	0.0	3	10.2	181
12/10/2020,18:21:41	-38.51084	145.15133	-14	7.4	4	2.0	113
12/10/2020,19:51:17	-38.57236	145.18076	12	0.0	3	5.4	225
12/10/2020,19:52:05	-38.57261	145.18062	-20	3.7	3	6.0	199
12/10/2020,19:53:04	-38.57238	145.18127	52	0.0	3	6.1	174
12/10/2020,19:54:54	-38.57332	145.18159	14	0.0	3	6.4	165
12/10/2020,19:55:04	-38.57324	145.18172	22	0.0	3	6.4	200
12/10/2020,19:56:32	-38.57343	145.18191	8	3.7	4	2.0	185
12/10/2020,19:57:02	-38.57333	145.18205	36	0.0	4	2.0	157
12/10/2020,19:58:03	-38.57331	145.18228	-8	0.0	3	2.1	139
12/10/2020,19:59:04	-38.57333	145.18250	18	3.7	4	2.0	170
12/10/2020,20:00:06	-38.57323	145.18280	34	0.0	4	2.0	152
12/10/2020,21:05:18	-38.61726	145.20732	-0	0.0	3	1.3	162
12/10/2020,21:06:06	-38.61735	145.20744	24	0.0	3	1.3	194
12/10/2020,21:07:07	-38.61726	145.20750	-24	0.0	3	1.3	190
12/10/2020,21:08:14	-38.61725	145.20761	-6	0.0	3	1.3	157
12/10/2020,21:09:05	-38.61715	145.20785	12	0.0	3	1.3	180
12/10/2020,21:10:04	-38.61712	145.20787	-16	0.0	3	1.3	165
12/10/2020,21:11:05	-38.61697	145.20803	10	0.0	3	1.3	187
12/10/2020,21:12:09	-38.61680	145.20822	14	0.0	3	1.3	193
12/10/2020,21:13:03	-38.61663	145.20819	2	0.0	2	2.0	193
12/10/2020,21:14:07	-38.61671	145.20841	-2	0.0	3	1.3	188
12/10/2020,21:15:20	-38.61650	145.20854	6	0.0	3	1.3	183
12/10/2020,21:16:27	-38.61637	145.20874	-0	0.0	3	1.3	194
12/10/2020,21:17:05	-38.61636	145.20886	-6	0.0	3	1.3	188
12/10/2020,21:56:21	-38.62724	145.22333	6	0.0	3	1.2	218
12/10/2020,21:57:07	-38.62757	145.22369	16	3.7	3	1.2	193
12/10/2020,21:58:30	-38.62812	145.22406	10	0.0	3	1.2	186
12/10/2020,21:59:06	-38.62827	145.22410	20	3.7	3	1.2	189
12/10/2020,22:06:35	-38.62779	145.22466	6	0.0	5	2.0	222
12/10/2020,22:07:02	-38.62767	145.22472	-4	0.0	4	2.3	206
12/10/2020,22:08:03	-38.62783	145.22477	24	0.0	5	2.0	203
12/10/2020,22:09:02	-38.62752	145.22477	18	0.0	4	2.0	152
12/10/2020,22:10:03	-38.62741	145.22480	-12	0.0	4	2.2	201
12/10/2020,22:11:04	-38.62742	145.22486	-4	0.0	5	1.4	197
12/10/2020,22:12:03	-38.62752	145.22508	-6	0.0	5	1.4	198
12/10/2020,22:24:37	-38.63235	145.22750	4	0.0	5	1.3	223
12/10/2020,22:25:50	-38.63283	145.22800	-8	0.0	3	1.4	202
12/10/2020,22:26:02	-38.63276	145.22822	66	3.7	3	2.2	212
12/10/2020,22:27:02	-38.63322	145.22809	-36	0.0	3	2.2	175
12/10/2020,22:28:05	-38.63368	145.22839	-14	3.7	3	2.1	172
12/10/2020,22:30:05	-38.63390	145.22902	-2	0.0	5	1.3	224
12/10/2020,22:31:03	-38.63413	145.22958	6	0.0	5	1.3	230
12/10/2020,22:37:37	-38.63572	145.23228	-2	0.0	5	1.2	228
12/10/2020,22:38:51	-38.63600	145.23278	6	0.0	5	1.2	251
12/10/2020,22:39:02	-38.63612	145.23283	-2	0.0	4	1.3	228
12/10/2020,22:40:23	-38.63633	145.23363	4	0.0	5	1.2	189
12/10/2020,22:41:27	-38.63669	145.23424	-18	0.0	5	1.2	216
12/10/2020,22:49:00	-38.63823	145.23841	2	3.7	5	1.2	217
12/10/2020,22:49:03	-38.63812	145.23841	10	0.0	4	2.1	216
12/10/2020,22:55:36	-38.63997	145.24231	-0	0.0	5	1.2	224
12/10/2020,22:56:57	-38.64025	145.24303	4	0.0	5	1.2	246
12/10/2020,22:57:03	-38.64021	145.24305	14	0.0	4	1.2	220
12/10/2020,22:58:27	-38.64044	145.24382	-2	0.0	5	1.2	208
12/10/2020,22:59:34	-38.64065	145.24450	2	0.0	5	1.1	213
12/10/2020,23:05:21	-38.64173	145.24778	-2	0.0	4	1.2	193
12/10/2020,23:27:28	-38.64337	145.26218	-2	3.7	4	1.1	215
12/10/2020,23:28:04	-38.64328	145.26278	38	3.7	3	3.2	226
12/10/2020,23:29:23	-38.64314	145.26325	2	0.0	4	1.1	218
12/10/2020,23:30:48	-38.64261	145.26402	12	0.0	3	3.1	222
12/10/2020,23:31:11	-38.64265	145.26433	4	0.0	4	1.1	223
12/10/2020,23:32:37	-38.64253	145.26505	-22	0.0	3	3.1	218
12/10/2020,23:38:11	-38.64172	145.26755	0	3.7	4	1.1	223
12/10/2020,23:39:04	-38.64149	145.26766	30	0.0	3	3.1	258
12/10/2020,23:40:04	-38.64139	145.26764	10	0.0	4	1.1	227
12/10/2020,23:41:04	-38.64129	145.26785	4	0.0	3	3.0	254
12/10/2020,23:42:04	-38.64131	145.26781	-18	3.7	2	3.0	209
12/10/2020,23:43:02	-38.64099	145.26805	20	3.7	3	2.4	246
12/10/2020,23:44:04	-38.64081	145.26792	42	0.0	3	3.2	223
12/10/2020,23:45:07	-38.64063	145.26784	86	122.2	3	3.2	118
12/10/2020,23:46:04	-38.64095	145.26812	-6	0.0	3	3.1	230
12/10/2020,23:47:03	-38.64102	145.26806	24	0.0	3	2.3	249
12/10/2020,23:48:05	-38.64077	145.26799	-0	0.0	3	3.1	250
12/10/2020,23:49:05	-38.64070	145.26839	-10	0.0	4	1.1	246
12/10/2020,23:50:04	-38.64058	145.26852	-4	0.0	4	1.1	267
12/10/2020,23:51:04	-38.64043	145.26861	0	0.0	4	1.1	257
12/10/2020,23:52:03	-38.64038	145.26868	18	0.0	4	1.1	249
12/10/2020,23:53:03	-38.64041	145.26876	4	0.0	4	1.1	256
12/10/2020,23:54:03	-38.64012	145.26897	-14	0.0	3	2.2	224
12/10/2020,23:55:03	-38.64015	145.26903	10	0.0	4	1.1	261
12/10/2020,23:56:03	-38.64003	145.26933	6	0.0	4	1.1	250
13/10/2020,00:36:35	-38.63029	145.28403	-2	0.0	4	2.1	314
13/10/2020,00:37:03	-38.63017	145.28427	8	0.0	3	2.3	219
13/10/2020,00:38:03	-38.63008	145.28400	-6	0.0	4	2.1	246
13/10/2020,00:39:02	-38.63003	145.28412	-4	0.0	3	2.3	171
13/10/2020,00:40:03	-38.62960	145.28466	24	3.7	3	2.3	205
13/10/2020,00:41:03	-38.62965	145.28483	6	0.0	3	2.3	195
13/10/2020,00:42:03	-38.62968	145.28444	-4	0.0	3	2.3	246
13/10/2020,00:43:03	-38.62949	145.28476	8	3.7	3	2.3	250
13/10/2020,00:44:04	-38.62945	145.28485	2	0.0	3	2.3	253
13/10/2020,00:45:07	-38.62941	145.28479	-12	0.0	3	2.2	241
13/10/2020,00:46:04	-38.62913	145.28557	10	0.0	3	2.2	250
13/10/2020,00:47:04	-38.62909	145.28533	2	0.0	3	2.2	230
13/10/2020,00:48:37	-38.62882	145.28564	-0	0.0	3	2.2	245
13/10/2020,00:49:03	-38.62866	145.28575	-10	0.0	3	2.2	224
13/10/2020,00:50:43	-38.62835	145.28591	-4	3.7	3	2.2	193
13/10/2020,00:51:04	-38.62821	145.28597	6	3.7	3	2.2	198
13/10/2020,00:52:40	-38.62777	145.28614	32	3.7	3	2.2	193
13/10/2020,00:53:02	-38.62770	145.28615	-10	0.0	3	2.2	189
13/10/2020,00:55:10	-38.62759	145.28626	-6	0.0	3	2.2	209
13/10/2020,00:56:03	-38.62732	145.28663	-14	0.0	3	2.2	226
13/10/2020,00:57:56	-38.62691	145.28756	16	0.0	3	2.2	192
13/10/2020,01:08:29	-38.62449	145.29215	-0	0.0	3	2.3	212
13/10/2020,01:09:04	-38.62447	145.29253	4	0.0	3	2.3	199
13/10/2020,01:10:20	-38.62410	145.29275	-14	0.0	3	2.3	129
13/10/2020,01:11:25	-38.62375	145.29324	-12	0.0	2	3.1	218
13/10/2020,01:12:03	-38.62373	145.29356	-6	0.0	3	2.4	226
13/10/2020,01:13:03	-38.62358	145.29357	18	0.0	3	2.4	193
13/10/2020,01:14:04	-38.62329	145.29370	-36	0.0	3	2.4	223
13/10/2020,01:15:40	-38.62316	145.29399	-12	0.0	3	2.4	114
13/10/2020,01:16:07	-38.62328	145.29388	-18	0.0	2	2.0	216
13/10/2020,01:17:05	-38.62304	145.29404	4	7.4	3	3.0	213
13/10/2020,01:18:03	-38.62286	145.29407	-42	0.0	3	3.0	196
13/10/2020,01:19:04	-38.62299	145.29413	-4	0.0	3	3.0	221
13/10/2020,01:20:05	-38.62279	145.29423	-18	3.7	3	3.0	225
13/10/2020,01:21:06	-38.62261	145.29451	-12	0.0	3	3.1	224
13/10/2020,01:22:08	-38.62266	145.29430	-12	0.0	3	3.1	219
13/10/2020,01:23:05	-38.62252	145.29445	-8	0.0	3	3.1	245
13/10/2020,01:34:59	-38.62387	145.29064	-10	0.0	3	3.4	238
13/10/2020,01:35:03	-38.62391	145.29060	-16	3.7	2	11.1	217
13/10/2020,01:36:20	-38.62378	145.29051	-4	0.0	3	4.0	235
13/10/2020,01:37:20	-38.62365	145.29042	-8	0.0	3	4.0	241
13/10/2020,01:38:05	-38.62369	145.29060	18	3.7	3	4.0	239
13/10/2020,01:39:13	-38.62344	145.29026	-10	0.0	3	4.1	266
13/10/2020,02:54:34	-38.62735	145.26221	-2	0.0	3	2.3	206
13/10/2020,02:55:03	-38.62723	145.26221	-0	0.0	3	2.3	223
13/10/2020,02:56:05	-38.62696	145.26218	8	0.0	3	2.2	202
13/10/2020,02:57:04	-38.62694	145.26197	-6	0.0	3	2.2	217
13/10/2020,02:58:04	-38.62668	145.26150	2	0.0	3	2.2	200
13/10/2020,02:59:04	-38.62657	145.26156	26	3.7	3	2.2	194
13/10/2020,03:00:04	-38.62642	145.26155	6	0.0	3	2.2	200
13/10/2020,03:01:06	-38.62627	145.26111	0	0.0	3	2.2	194
13/10/2020,03:02:06	-38.62613	145.26110	-0	0.0	2	2.0	200
13/10/2020,03:03:08	-38.62604	145.26078	8	0.0	3	2.1	209
13/10/2020,03:05:08	-38.62573	145.25971	-26	0.0	3	2.1	219
13/10/2020,03:17:41	-38.62437	145.25557	2	0.0	4	2.0	224
13/10/2020,03:18:03	-38.62426	145.25561	10	0.0	4	1.4	166
13/10/2020,03:19:03	-38.62418	145.25559	-0	0.0	4	1.4	169
13/10/2020,03:20:05	-38.62413	145.25551	-20	3.7	4	1.4	170
13/10/2020,03:21:03	-38.62416	145.25552	-24	0.0	4	1.4	169
13/10/2020,03:22:04	-38.62385	145.25576	8	0.0	4	1.4	165
13/10/2020,03:23:03	-38.62386	145.25522	6	0.0	4	1.4	166
13/10/2020,03:24:24	-38.62401	145.25445	6	0.0	4	1.4	164
13/10/2020,03:25:55	-38.62414	145.25356	-12	0.0	4	1.4	164
13/10/2020,03:26:03	-38.62413	145.25362	-16	0.0	3	2.3	163
13/10/2020,03:27:42	-38.62403	145.25296	-10	0.0	4	1.4	167
13/10/2020,04:42:05	-38.62033	145.24769	2	0.0	4	2.0	196
13/10/2020,04:43:03	-38.62041	145.24759	6	3.7	3	7.4	139
13/10/2020,04:44:03	-38.62025	145.24746	-40	0.0	4	2.0	142
13/10/2020,04:45:04	-38.62017	145.24775	12	0.0	4	2.0	165
13/10/2020,04:46:03	-38.62021	145.24777	-42	0.0	3	2.0	111
13/10/2020,04:47:44	-38.62045	145.24855	0	0.0	4	2.0	199
13/10/2020,04:48:02	-38.62037	145.24856	-0	0.0	3	2.1	175
13/10/2020,04:49:17	-38.62016	145.24917	-12	0.0	4	2.1	165
13/10/2020,04:50:02	-38.62028	145.24914	-34	0.0	3	2.1	167
13/10/2020,04:51:46	-38.62041	145.24970	2	0.0	4	2.1	217
13/10/2020,04:52:02	-38.62025	145.24994	34	0.0	4	2.1	148
13/10/2020,04:53:08	-38.62023	145.25020	-4	0.0	4	2.1	176
13/10/2020,09:54:33	-38.51037	145.15044	10	0.0	5	1.4	271
13/10/2020,09:55:04	-38.51036	145.15040	8	0.0	5	1.4	240
13/10/2020,09:56:05	-38.51007	145.15003	-46	0.0	4	8.4	229
13/10/2020,09:57:05	-38.51026	145.15046	44	0.0	2	2.3	115
13/10/2020,09:58:06	-38.51046	145.15039	50	0.0	4	2.4	202
13/10/2020,09:59:06	-38.51036	145.15029	10	0.0	3	3.1	193
13/10/2020,10:00:05	-38.51042	145.15039	30	0.0	4	2.1	218
13/10/2020,11:08:39	-38.51042	145.15037	24	3.7	3	5.2	134
13/10/2020,12:08:22	-38.51032	145.15022	30	0.0	3	1.2	191
